0,073721
0,959492
0,078822
0,052137
0,052564
0,052497
0,052185
0,954710
0,949989
0,064960
0,862166
0,085295
0,819965
0,774171
0,271748
0,818781
0,376245
0,763983
0,309962
0,309186
0,721403
0,343776
0,505738
0,543960
0,616678
0,773921
0,274192
0,264999
0,770355
0,755031
0,170890
0,822268
0,248338
0,261179
0,755668
0,464230
0,274199
0,768480
0,280191
0,406839
0,324321
0,171886
0,203232
0,123021
0,110848
0,907732
0,893619
0,147001
0,159292
0,845291
0,669942
0,698758
0,459318
0,632620
0,420086
0,262359
0,755520
0,738299
0,249856
0,201846
0,661104
0,244752
0,768755
0,428548
0,391018
0,584212
0,341697
0,259522
0,225942
0,195140
0,170786
0,152400
0,719768
0,863262
0,807085
0,695448
0,245598
0,866602
0,271299
0,477089
0,683522
0,353870
0,615053
0,475048
0,311566
0,214294
0,164167
0,136133
0,735196
0,898811
0,191715
0,202104
0,195918
0,870714
0,217123
0,841609
0,792549
0,385031
0,678534
0,543972
0,270565
0,035779
1,206975
0,673788
0,331617
0,180592
0,124010
0,099574
0,800773
0,106275
0,112115
0,924386
0,127969
0,128165
0,131774
0,123363
0,122776
0,748109
0,143979
0,149432
0,149076
0,681018
0,179562
0,190372
0,195688
0,878248
0,566617
0,796990
0,407419
0,401593
0,749509
0,385254
0,347150
0,316676
0,220720
0,568218
0,842842
0,279258
0,287527
0,418504
0,301336
0,285817
0,384285
0,786082
0,695069
0,678941
0,563732
0,740884
0,363652
0,754835
0,409887
0,714969
0,459168
0,280973
0,457218
0,367832
0,407876
0,303020
0,283399
0,242106
0,855802
0,445582
0,321187
0,161134
0,500403
0,679736
0,588233
0,176219
0,784946
0,602812
0,291248
0,251159
0,389843
0,312002
0,295104
0,333323
0,821698
0,142040
0,748781
0,529202
0,456219
0,326974
0,251829
0,846904
0,276587
0,271920
0,189820
0,824852
0,041443
0,727244
0,157646
0,546086
0,286644
0,791454
0,025834
0,420571
0,261299
0,363137
0,244236
0,193195
0,213175
0,882954
0,180125
0,215386
0,365250
0,851134
0,797376
0,430995
0,031282
0,385038
0,103328
0,307350
0,300249
0,249751
0,183170
0,180924
0,899174
0,361799
0,219709
0,229470
0,859744
0,153730
0,067951
0,000631
0,332199
0,293986
0,071340
0,264919
0,235334
0,875463
0,857633
0,259930
0,266630
0,817974
0,772079
0,414278
0,434856
0,741042
0,003733
0,423199
0,354475
0,776729
0,121730
0,058378
0,659999
0,132980
0,435414
0,828288
0,564997
0,334894
0,826039
0,201459
0,210189
0,849206
0,817345
0,301038
0,723791
0,409202
0,622221
0,477633
0,194476
1,015060
0,320611
0,350441
0,197364
0,907567
0,069944
0,480459
0,366376
0,713894
0,319993
0,703626
0,464084
0,714181
0,692406
0,342333
0,544404
0,452504
0,316654
0,438012
0,375165
0,329001
0,699241
0,352375
0,409904
0,185021
0,683489
0,042871
0,473278
0,636756
0,601253
0,615989
0,575638
0,548223
0,078038
0,435786
0,586237
0,116175
0,390039
0,656511
0,323979
0,032000
0,210714
0,638212
0,040700
0,389445
0,676068
0,322549
0,312145
0,620711
0,460224
0,700890
0,437003
0,228694
0,349052
0,638607
0,525616
0,033564
0,657700
0,297903
0,091134
0,566892
0,391303
0,131502
0,486159
0,355012
0,239263
0,030909
0,067030
0,612253
0,128879
0,300195
0,223658
0,485054
0,173427
0,143371
0,330063
0,207677
0,351340
0,155261
0,028472
0,702442
0,383216
0,355670
0,280154
0,150597
0,756434
0,108144
0,605173
0,368936
0,538394
0,445050
0,283716
0,188871
0,065213
0,067513
0,125590
0,589995
0,530999
0,015558
0,157082
0,144700
0,574319
0,386640
0,318443
0,721998
0,216621
0,155884
0,230992
0,373511
0,643187
0,037662
0,236138
0,409707
0,318593
0,231691
0,634942
0,225946
0,459653
0,010568
0,397168
0,150132
0,084943
0,009156
0,034714
0,018420
0,001657
0,383448
0,085975
0,137707
0,061998
0,472256
0,064155
0,267615
0,308964
0,328559
0,243123
0,214104
0,461062
0,268870
0,346746
0,368228
0,150464
0,274942
0,225911
0,245373
0,149922
0,430320
0,249989
0,174750
0,227135
0,215994
0,035878
0,280218
0,236385
0,141376
0,430684
0,229422
0,197585
0,231482
0,149814
0,060671
0,032312
0,226387
0,025172
0,186368
0,322498
0,133987
0,095500
0,324791
0,261728
0,245085
0,167964
0,171507
0,099206
0,180062
0,172250
0,233612
0,173184
0,001746
0,003669
0,001784
0,000544
0,001283
0,165831
0,030963
0,047195
0,300622
0,131351
0,247463
0,128019
0,152655
0,018543
0,010193
0,118388
0,251014
0,050108
0,029727
0,016850
0,182317
0,030844
0,021094
0,169957
0,021525
0,015391
0,047236
0,164605
0,002206
0,000463
0,148911
0,242870
0,125156
0,172539
0,071218
0,011147
0,158806
0,151517
0,002822
0,008612
0,004579
0,243004
0,054407
0,118024
0,026375
0,113598
0,001580
0,194447
0,176010
0,266013
0,004914
0,004427
0,227660
0,205482
0,053222
0,171041
0,069739
0,057469
0,169477
0,161860
0,168536
0,153893
0,125569
0,115576
0,132053
0,112954
0,136172
0,030773
0,105160
0,016160
0,120958
0,290315
0,130914
0,095114
0,174022
0,010285
0,071308
0,016805
0,020860
0,165658
0,153157
0,002766
0,131256
0,123138
0,146249
0,004947
0,006871
0,003753
0,002311
0,010046
0,005540
0,002559
0,000219
0,146043
0,025140
0,143931
0,029603
0,137139
0,132243
0,090464
0,135120
0,136246
0,039215
0,132462
0,039267
0,127822
0,121914
0,113558
0,105168
0,110020
0,031284
0,116939
0,165873
0,155997
0,044109
0,110110
0,136976
0,025502
0,072309
0,138124
0,136153
0,128161
0,055013
0,121769
0,118197
0,030339
0,111735
0,119811
0,077970
0,112366
0,001001
0,000422
0,001676
0,112776
0,125714
0,038432
0,107981
0,021956
0,004856
0,109140
0,124992
0,118564
0,074224
0,113026
0,016242
0,010869
0,003212
0,103371
0,017479
0,088134
0,109629
0,119689
0,004831
0,026978
0,105800
0,029513
0,034749
0,104769
0,012501
0,000057
0,115582
0,024849
0,011731
0,005001
0,103711
0,100404
0,019868
0,011525
0,096834
0,094524
0,090665
0,031587
0,087699
0,086124
0,083270
0,080014
0,076785
0,063706
0,079147
0,036644
0,086426
0,060962
0,000515
0,022403
0,126280
0,022499
0,009175
0,123682
0,066841
0,012722
0,028506
0,083772
0,081078
0,029742
0,011432
0,081256
0,007279
0,000550
0,003419
0,080331
0,005702
0,009907
0,125080
0,011653
0,028788
0,121664
0,003808
0,003601
0,078715
0,008468
0,027614
0,118482
0,115597
0,078512
0,076361
0,073841
0,044700
0,072752
0,068450
0,078279
0,079832
0,121873
0,117256
0,110375
0,073262
0,006840
0,006722
0,000826
0,083052
0,077950
0,112812
0,080503
0,008522
0,077149
0,105664
0,072769
0,070490
0,023294
0,068452
0,067486
0,003714
0,065026
0,096530
0,062320
0,060863
0,059394
0,141789
0,005650
0,023237
0,075131
0,058424
0,068848
0,021489
0,104883
0,064367
0,099797
0,095893
0,091421
0,087036
0,132507
0,079469
0,105696
0,145572
0,004956
0,015902
0,069513
0,068220
0,023402
0,067638
0,091984
0,149648
0,101993
0,084747
0,075046
0,003449
0,009257
0,007397
0,093798
0,070179
0,090208
0,063436
0,015868
0,073774
0,009844
0,003208
0,061435
0,007999
0,037574
0,008898
0,071455
0,018085
0,039739
0,002031
0,020568
0,006243
0,003756
0,069288
0,025026
0,068517
0,067775
0,093659
0,000251
0,004030
0,041367
0,093968
0,093711
0,006520
0,011503
0,004222
0,069736
0,010112
0,003267
0,003326
0,068688
0,090053
0,066233
0,032822
0,009566
0,091021
0,012486
0,015005
0,068688
0,087947
0,022664
0,008541
0,000594
0,068847
0,088261
0,067059
0,084655
0,035382
0,010847
0,068384
0,009642
0,005172
0,085860
0,016202
0,066336
0,018198
0,066680
0,085536
0,011844
0,002947
0,003285
0,084498
0,066189
0,065017
0,063494
0,079798
0,077843
0,075459
0,075015
0,037880
0,017765
0,024731
0,000845
0,069862
0,037402
0,080073
0,062565
0,074563
0,072326
0,058397
0,068749
0,096564
0,063171
0,065938
0,080085
0,066098
0,025279
0,083442
0,008837
0,044468
0,065127
0,003427
0,077797
0,076117
0,026884
0,062817
0,075722
0,044549
0,077220
0,024440
0,005019
0,064388
0,010274
0,063733
0,005384
0,075508
0,006464
0,019629
0,005598
0,076127
0,012359
0,073353
0,062565
0,061329
0,033444
0,034415
0,032675
0,074827
0,073386
0,063013
0,061846
0,060450
0,048436
0,022496
0,075066
0,010555
0,004300
0,074076
0,049432
0,012105
0,067122
0,065602
0,051281
0,004768
0,027071
0,050817
0,008460
0,072305
0,019558
0,004621
0,066474
0,019679
0,000789
0,010329
0,032916
0,070422
0,022445
0,003190
0,068177
0,011455
0,022935
0,006249
0,006331
0,068496
0,007989
0,067370
0,009294
0,002987
0,002864
0,003203
0,000481
0,001315
0,001025
0,014916
0,004844
0,065803
0,064881
0,025524
0,064509
0,010426
0,065782
0,005170
0,026585
0,064665
0,064875
0,067060
0,000353
0,002908
0,001039
0,009881
0,063966
0,004209
0,063082
0,062063
0,065350
0,064142
0,035958
0,007966
0,013242
0,013992
0,064161
0,013293
0,062479
0,001284
0,017209
0,003457
0,061812
0,002201
0,061053
0,005138
0,060159
0,059426
0,018366
0,059249
0,059015
0,005962
0,006184
0,002035
0,058729
0,001947
0,002279
0,003087
0,000284
0,000521
0,057853
0,068933
0,011587
0,000539
0,011250
0,068771
0,012270
0,006281
0,002958
0,058147
0,000658
0,067173
0,006923
0,020409
0,058749
0,013466
0,067114
0,057362
0,056446
0,023653
0,056216
0,010973
0,002386
0,064639
0,035140
0,006329
0,013817
0,067134
0,002125
0,065430
0,005605
0,006131
0,004141
0,064191
0,063221
0,057467
0,019992
0,062058
0,003213
0,058408
0,015454
0,058629
0,062604
0,006460
0,061067
0,056865
0,016254
0,059584
0,056553
0,031945
0,060762
0,058795
0,060980
0,001719
0,059846
0,057905
0,001339
0,017772
0,058999
0,058820
0,002957
0,001064
0,057687
0,007757
0,001314
0,000660
0,058919
0,056965
0,057783
0,017079
0,057711
0,056808
0,057192
0,056447
0,055431
0,054869
0,054057
0,044333
0,028139
0,003867
0,059019
0,058892
0,014779
0,060528
0,055409
0,048987
0,013271
0,016741
0,062260
0,039132
0,059486
0,001281
0,057772
0,016028
0,053468
0,009948
0,023073
0,055498
0,055855
0,055474
0,043684
0,010810
0,056582
0,038413
0,055743
0,052635
0,036450
0,055237
0,055722
0,055409
0,054709
0,004373
0,003026
0,052175
0,013384
0,029404
0,018787
0,002385
0,030294
0,003829
0,055679
0,055574
0,026355
0,055137
0,025755
0,003144
0,014618
0,025099
0,001215
0,055398
0,054682
0,027442
0,054609
0,054459
0,006745
0,002464
0,056232
0,054108
0,053511
0,010225
0,055730
0,055443
0,052699
0,054256
0,003528
0,051229
0,009374
0,050645
0,032989
0,014969
0,055344
0,052377
0,013350
0,052209
0,051879
0,000451
0,003959
0,004481
0,055156
0,054713
0,053967
0,050154
0,052530
0,027658
0,053231
0,051302
0,053455
0,000848
0,023644
0,006585
0,004724
0,053813
0,006762
0,023427
0,010860
0,051075
0,004561
0,052494
0,028598
0,008137
0,052129
0,024625
0,052207
0,049538
0,027293
0,049993
0,027122
0,054169
0,054541
0,052166
0,053879
0,053215
0,000325
0,050842
0,050297
0,049573
0,019358
0,004506
0,007034
0,053069
0,010493
0,004407
0,049330
0,051400
0,048492
0,018975
0,004274
0,006989
0,006215
0,048955
0,048326
0,051155
0,023566
0,012481
0,001783
0,053304
0,032967
0,051250
0,015858
0,037320
0,049883
0,053315
0,053297
0,052796
0,052072
0,050040
0,025230
0,049204
0,024724
0,048393
0,000386
0,003042
0,034290
0,051204
0,016990
0,030960
0,007005
0,048168
0,024349
0,003177
0,012866
0,024875
0,003900
0,007973
0,050342
0,013054
0,049264
0,048418
0,027365
0,005113
0,048534
0,048206
0,049297
0,047244
0,010576
0,032184
0,047471
0,000068
0,050576
0,009122
0,047477
0,046818
0,046126
0,045435
0,048353
0,027589
0,022647
0,050946
0,047768
0,051704
0,051340
0,050720
0,035251
0,047905
0,038267
0,047678
0,016383
0,028062
0,048191
0,007259
0,047483
0,003190
0,047011
0,046733
0,005412
0,047195
0,046219
0,045828
0,045290
0,015580
0,045276
0,043343
0,012983
0,047382
0,047179
0,027734
0,048991
0,044532
0,047307
0,016326
0,004359
0,044651
0,008139
0,001875
0,047385
0,046889
0,013635
0,054560
0,049728
0,051623
0,048800
0,047441
0,046434
0,045616
0,014263
0,044794
0,058007
0,047219
0,052304
0,046301
0,045084
0,003049
0,043878
0,007055
0,043599
0,043384
0,004164
0,055094
0,045223
0,050996
0,013998
0,042792
0,044522
0,008388
0,049004
0,044439
0,007208
0,048176
0,041822
0,045148
0,039880
0,043706
0,038960
0,042853
0,093454
0,025576
0,047207
0,042531
0,042391
0,042047
0,034625
0,043228
0,049973
0,043922
0,049975
0,049534
0,071888
0,040454
0,043434
0,055215
0,091189
0,045194
0,047461
0,082991
0,043919
0,092774
0,042811
0,105275
0,039173
0,017659
0,090207
0,044624
0,053595
0,105622
0,018121
0,056426
0,041421
0,011339
0,012507
0,045455
0,042836
0,008998
0,048072
0,009676
0,001935
0,005201
0,000001
0,032234
0,041658
0,014939
0,040627
0,040398
0,040048
0,026797
0,018877
0,040681
0,000209
0,040227
0,022570
0,004954
0,007151
0,040446
0,003326
0,040044
0,047668
0,008094
0,039889
0,047660
0,007358
0,008125
0,006084
0,000707
0,004595
0,002686
0,047215
0,005236
0,046782
0,000206
0,000167
0,000134
0,010344
0,046749
0,003402
0,040238
0,046352
0,045943
0,013249
0,039964
0,008381
0,045542
0,039364
0,039025
0,013594
0,045047
0,045001
0,038947
0,038711
0,031605
0,045963
0,046509
0,046452
0,018221
0,040001
0,021141
0,045178
0,008162
0,003080
0,039932
0,003138
0,039779
0,039579
0,006783
0,001119
0,045208
0,005047
0,001622
0,005574
0,001130
0,045065
0,044748
0,009495
0,044499
0,044311
0,039613
0,011692
0,044189
0,039973
0,004758
0,002311
0,002784
0,043914
0,000439
0,000258
0,000265
0,007018
0,002891
0,043929
0,043680
0,039823
0,006461
0,039730
0,009611
0,039872
0,039782
0,039509
0,043817
0,004838
0,002798
0,012186
0,001370
0,044110
0,006192
0,000953
0,000446
0,039082
0,038831
0,004306
0,010083
0,006484
0,038973
0,043767
0,043464
0,011179
0,003624
0,039071
0,012077
0,043284
0,007698
0,013778
0,039103
0,043910
0,012762
0,000395
0,011283
0,000206
0,001834
0,000945
0,008575
0,042914
0,008496
0,038587
0,042729
0,014597
0,001018
0,043221
0,000717
0,042939
0,014202
0,038440
0,041412
0,040963
0,029205
0,038359
0,041949
0,038669
0,017321
0,002543
0,039748
0,045396
0,038189
0,045703
0,002848
0,023402
0,001522
0,006139
0,001582
0,042355
0,001259
0,001583
0,000578
0,038530
0,001530
0,042185
0,038228
0,005777
0,038141
0,001714
0,038037
0,001054
0,042221
0,002568
0,001194
0,000595
0,000940
0,007049
0,038097
0,005518
0,037776
0,003521
0,001771
0,004829
0,001785
0,004673
0,001402
0,042278
0,004208
0,041960
0,037378
0,001003
0,011513
0,004500
0,001936
0,037673
0,042045
0,041757
0,010688
0,004726
0,042015
0,041960
0,041690
0,003880
0,037984
0,002683
0,009329
0,003091
0,037641
0,037449
0,040899
0,036960
0,040442
0,014952
0,002946
0,016834
0,016465
0,041753
0,041323
0,013322
0,036939
0,019615
0,040446
0,001369
0,040631
0,037513
0,019143
0,040967
0,006119
0,040851
0,003751
0,037846
0,019427
0,039654
0,017774
0,004254
0,037679
0,010002
0,037303
0,039668
0,007656
0,036866
0,031799
0,010079
0,037896
0,003574
0,001396
0,037413
0,004948
0,037312
0,037183
0,038968
0,018959
0,035694
0,005908
0,039993
0,002775
0,000980
0,000827
0,000963
0,000137
0,039673
0,056893
0,019273
0,041895
0,041733
0,037543
0,037310
0,007485
0,037199
0,041428
0,069315
0,034711
0,036946
0,032843
0,061082
0,034769
0,018792
0,090468
0,043000
0,044693
0,045264
0,040887
0,129274
0,011244
0,033777
0,043510
0,033634
0,036956
0,007591
0,036806
0,000751
0,002004
0,033901
0,194869
0,040104
0,043518
0,045036
0,051939
0,276905
0,036244
0,032277
0,295406
0,037709
0,178512
0,031886
0,004555
0,017559
0,034026
0,004054
0,034132
0,034066
0,184198
0,044596
0,048549
0,044733
0,045257
0,051354
0,051046
0,044818
0,254082
0,035748
0,208232
0,010456
0,038176
0,109509
0,005719
0,068233
0,039666
0,006588
0,033328
0,035754
0,035081
0,035635
0,039291
0,010001
0,038162
0,005295
0,038864
0,035146
0,038262
0,034722
0,041962
0,039295
0,003973
0,051125
0,038595
0,037557
0,057463
0,035754
0,039602
0,056541
0,035023
0,044600
0,003065
0,021721
0,035123
0,034766
0,037649
0,034228
0,036488
0,038848
0,010132
0,007905
0,038869
0,038449
0,011871
0,038315
0,038262
0,035579
0,035413
0,035170
0,005511
0,024808
0,002484
0,006169
0,035833
0,038722
0,038489
0,008925
0,001460
0,038421
0,035608
0,038127
0,035298
0,037715
0,002785
0,037434
0,017094
0,002247
0,009698
0,001157
0,009407
0,001207
0,004017
0,013734
0,038115
0,036008
0,035929
0,038161
0,013458
0,035065
0,013616
0,015519
0,007542
0,006003
0,014008
0,008668
0,009461
0,035373
0,003984
0,037980
0,035157
0,004021
0,005131
0,001474
0,004650
0,000027
0,002442
0,037862
0,035066
0,004175
0,001216
0,000352
0,000930
0,035082
0,034911
0,003901
0,001504
0,034812
0,000868
0,034612
0,002000
0,001943
0,000034
0,001953
0,000131
0,001022
0,000175
0,000158
0,000096
0,000024
0,038149
0,001888
0,034440
0,037921
0,037721
0,006025
0,037538
0,002759
0,000083
0,010545
0,001832
0,034746
0,037793
0,002695
0,000203
0,002169
0,037583
0,037364
0,037086
0,034310
0,007041
0,036752
0,011987
0,001434
0,035106
0,035113
0,037640
0,037473
0,008890
0,003315
0,036684
0,036485
0,036228
0,035946
0,022504
0,005150
0,022287
0,000760
0,034643
0,035885
0,009138
0,034508
0,022326
0,009225
0,036923
0,036769
0,023572
0,012324
0,006118
0,021465
0,005608
0,019114
0,036405
0,034709
0,012200
0,003979
0,007734
0,004847
0,007236
0,036136
0,034865
0,034714
0,034487
0,035792
0,035600
0,013288
0,034428
0,001424
0,036171
0,000730
0,034614
0,034452
0,003800
0,000715
0,034258
0,001006
0,000610
0,034119
0,036130
0,001120
0,035846
0,003724
0,000018
0,006612
0,035980
0,034203
0,034110
0,003299
0,033724
0,005452
0,035752
0,006507
0,001062
0,036096
0,034004
0,005096
0,002332
0,035707
0,003217
0,004099
0,001447
0,035811
0,003766
0,001350
0,002099
0,000339
0,001104
0,000007
0,035426
0,004648
0,035400
0,001932
0,000262
0,000153
0,035347
0,033993
0,003603
0,035189
0,001809
0,033951
0,033835
0,033635
0,033398
0,004329
0,033147
0,035036
0,001560
0,000785
0,014842
0,004578
0,033554
0,001536
0,000828
0,000639
0,033551
0,033412
0,033207
0,001345
0,035490
0,032675
0,032486
0,035064
0,013277
0,035247
0,032550
0,009678
0,018132
0,003776
0,003746
0,032550
0,032485
0,000851
0,032284
0,032139
0,003675
0,035392
0,031985
0,002958
0,035337
0,031904
0,031781
0,023589
0,032190
0,032366
0,005313
0,036255
0,003699
0,032014
0,031929
0,004479
0,001116
0,030356
0,035300
0,034655
0,019707
0,034823
0,042552
0,021913
0,011214
0,035897
0,043018
0,034734
0,029289
0,002592
0,019163
0,006455
0,031750
0,008967
0,004289
0,022330
0,002816
0,006339
0,000719
0,031878
0,035447
0,005617
0,035375
0,035285
0,035096
0,031651
0,007795
0,031746
0,001809
0,000090
0,035043
0,001421
0,031647
0,005133
0,035007
0,003216
0,000157
0,003561
0,034858
0,001975
0,034810
0,034687
0,031701
0,034356
0,034158
0,010836
0,003899
0,034585
0,005034
0,034438
0,004765
0,034278
0,001518
0,034059
0,002858
0,001411
0,032191
0,032118
0,001079
0,033972
0,002081
0,002470
0,033989
0,001480
0,000257
0,001103
0,032035
0,001473
0,000981
0,031962
0,033893
0,033764
0,033574
0,033355
0,010194
0,033433
0,000658
0,001390
0,032093
0,033324
0,007180
0,033336
0,033298
0,032043
0,033054
0,032885
0,032684
0,031666
0,031514
0,004153
0,031346
0,032332
0,001698
0,032121
0,003045
0,025229
0,033009
0,008797
0,005848
0,001057
0,010510
0,032417
0,031494
0,017775
0,003804
0,009626
0,032195
0,033180
0,033158
0,032274
0,015516
0,032365
0,031976
0,031677
0,031426
0,030966
0,035573
0,011509
0,019419
0,002948
0,010135
0,031810
0,031824
0,031536
0,004699
0,031236
0,023143
0,031838
0,002958
0,009442
0,032369
0,008340
0,031776
0,005123
0,032118
0,031935
0,031737
0,031277
0,031404
0,031025
0,031126
0,022440
0,031576
0,005978
0,032103
0,031717
0,031873
0,031456
0,004187
0,031369
0,013857
0,003872
0,002889
0,000287
0,032190
0,016722
0,031465
0,031067
0,030773
0,022308
0,002899
0,020166
0,032681
0,028695
0,032081
0,016563
0,007378
0,024693
0,003420
0,032030
0,032344
0,017490
0,002021
0,007610
0,005328
0,001301
0,031780
0,031752
0,001459
0,000873
0,000847
0,031671
0,031578
0,031506
0,002871
0,031364
0,031282
0,031141
0,001187
0,030924
0,009610
0,031114
0,031171
0,031100
0,001335
0,000393
0,000549
0,030818
0,001084
0,000558
0,003757
0,031972
0,001648
0,003333
0,031681
0,030628
0,006756
0,001214
0,030660
0,003743
0,030426
0,010333
0,031689
0,002395
0,000964
0,030866
0,030788
0,031826
0,000188
0,030502
0,004689
0,001030
0,001844
0,000099
0,004642
0,001330
0,031671
0,030410
0,003648
0,030380
0,031575
0,007079
0,001988
0,031638
0,030489
0,030390
0,030248
0,030087
0,001957
0,009463
0,004299
0,000645
0,002065
0,004356
0,030206
0,031593
0,004459
0,030026
0,031469
0,029927
0,001623
0,031179
0,012453
0,000283
0,031629
0,030331
0,030276
0,002901
0,029989
0,031298
0,031138
0,008252
0,006644
0,009879
0,031296
0,005531
0,000462
0,000744
0,030129
0,031157
0,000538
0,004293
0,000865
0,000992
0,030162
0,001380
0,030083
0,029994
0,031161
0,029767
0,030944
0,030791
0,008021
0,030738
0,029749
0,030650
0,007339
0,030256
0,008780
0,029445
0,029456
0,030175
0,004575
0,001880
0,002526
0,029908
0,029835
0,029160
0,000113
0,029025
0,028924
0,029478
0,028705
0,005982
0,028698
0,029434
0,028643
0,035538
0,003081
0,025364
0,030156
0,022067
0,031417
0,010374
0,031353
0,020107
0,029500
0,029019
0,017537
0,029178
0,018285
0,029973
0,014381
0,030844
0,004086
0,030536
0,004748
0,029748
0,022482
0,029068
0,013047
0,030015
0,030081
0,029057
0,029957
0,036208
0,012912
0,019653
0,029611
0,002368
0,029900
0,005374
0,029789
0,029008
0,029692
0,003672
0,028994
0,000675
0,029694
0,033081
0,029947
0,016328
0,029963
0,030244
0,030028
0,012266
0,002626
0,046413
0,029342
0,028214
0,064503
0,029524
0,030691
0,030709
0,030805
0,030756
0,011000
0,030160
0,030452
0,077475
0,042260
0,066689
0,030610
0,035968
0,011424
0,044895
0,027570
0,027444
0,026990
0,026695
0,025887
0,025764
0,026279
0,026175
0,080736
0,028767
0,031129
0,029674
0,052406
0,030489
0,053180
0,020954
0,028440
0,028104
0,030100
0,028163
0,058572
0,030772
0,044664
0,010011
0,065572
0,027017
0,025869
0,094657
0,023153
0,050175
0,027153
0,026249
0,079103
0,007433
0,011254
0,060392
0,017944
0,011430
0,027806
0,002460
0,001123
0,001092
0,052230
0,004054
0,030561
0,030671
0,030850
0,031314
0,030809
0,030695
0,039061
0,029622
0,017242
0,010997
0,029034
0,018130
0,028762
0,028461
0,026303
0,029715
0,022050
0,003540
0,029101
0,028831
0,010646
0,028311
0,000815
0,028405
0,023943
0,008768
0,010709
0,029378
0,009383
0,028736
0,027969
0,016751
0,004129
0,028730
0,028286
0,028631
0,016201
0,028711
0,017394
0,005680
0,009348
0,029171
0,006580
0,000141
0,003307
0,003203
0,028589
0,000685
0,028838
0,000526
0,028708
0,028604
0,028466
0,028287
0,004149
0,028266
0,011450
0,001164
0,010724
0,028782
0,010086
0,028798
0,028863
0,028778
0,005867
0,001074
0,006813
0,028600
0,003173
0,001774
0,028504
0,001958
0,028483
0,001644
0,028499
0,028448
0,000294
0,000415
0,000101
0,000219
0,000026
0,003036
0,028519
0,028487
0,028386
0,002080
0,000968
0,028499
0,028451
0,001669
0,028360
0,028289
0,002563
0,028359
0,028316
0,028186
0,004767
0,002491
0,005126
0,000172
0,028214
0,028224
0,002808
0,006230
0,002303
0,028367
0,028288
0,001075
0,028143
0,028049
0,003197
0,028418
0,000818
0,000002
0,000410
0,028009
0,005008
0,027757
0,028119
0,027996
0,027424
0,027314
0,027184
0,027047
0,026906
0,026765
0,020638
0,028236
0,005856
0,028449
0,028339
0,000987
0,015745
0,005702
0,008465
0,001487
0,027411
0,011299
0,000717
0,027597
0,012907
0,003622
0,006832
0,027317
0,028380
0,002976
0,027372
0,006823
0,027158
0,028138
0,007128
0,027080
0,028264
0,000308
0,012381
0,028543
0,027503
0,005380
0,027303
0,003255
0,014914
0,026810
0,010318
0,028073
0,019546
0,028724
0,019451
0,028484
0,027093
0,026922
0,027904
0,003915
0,025572
0,027418
0,027542
0,028388
0,000911
0,002463
0,001859
0,027811
0,000228
0,026731
0,000937
0,026655
0,027705
0,026529
0,036522
0,028602
0,027683
0,015987
0,028790
0,048783
0,025792
0,025116
0,024730
0,051125
0,025970
0,016910
0,027819
0,026363
0,027563
0,004188
0,025980
0,073233
0,029185
0,030194
0,037673
0,029436
0,011369
0,027264
0,028882
0,028812
0,011985
0,027559
0,029235
0,003480
0,029109
0,028964
0,027483
0,099661
0,025896
0,023910
0,023898
0,023037
0,084825
0,006290
0,027421
0,027626
0,027949
0,115416
0,031164
0,032767
0,145878
0,024709
0,108413
0,021909
0,183359
0,024458
0,028020
0,028020
0,029912
0,080230
0,032967
0,033211
0,033239
0,047713
0,031450
0,030545
0,029217
0,093546
0,025732
0,024879
0,059638
0,132874
0,030121
0,032645
0,198426
0,040498
0,024434
0,064097
0,024011
0,254593
0,095714
0,204258
0,026462
0,076351
0,119075
0,028940
0,107447
0,028767
0,056079
0,028691
0,029491
0,029376
0,028947
0,023790
0,045792
0,027369
0,012683
0,011213
0,027144
0,027545
0,027564
0,003234
0,027384
0,002522
0,000552
0,001588
0,027067
0,027017
0,009708
0,027268
0,008934
0,001629
0,027065
0,026971
0,026916
0,026774
0,007072
0,010830
0,027381
0,027517
0,007995
0,000900
0,003467
0,002503
0,014489
0,026875
0,006453
0,026789
0,026794
0,026763
0,001824
0,000653
0,000527
0,000637
0,026757
0,026677
0,025668
0,027358
0,027644
0,027507
0,027736
0,008448
0,027358
0,026998
0,027004
0,029517
0,012000
0,025927
0,025821
0,025789
0,025632
0,025651
0,025470
0,034322
0,003735
0,027081
0,004176
0,027871
0,027942
0,006617
0,027558
0,027572
0,027441
0,013176
0,003919
0,027586
0,027656
0,024817
0,001748
0,026254
0,010086
0,026084
0,026083
0,020998
0,026745
0,027024
0,009113
0,026917
0,026686
0,026549
0,007009
0,016833
0,026439
0,026003
0,010087
0,026360
0,001264
0,026416
0,026193
0,026991
0,009948
0,026979
0,026943
0,016460
0,006290
0,026417
0,010962
0,003262
0,005840
0,026456
0,000074
0,007010
0,001741
0,026429
0,001019
0,000225
0,000643
0,026538
0,026289
0,002126
0,002850
0,001150
0,026443
0,000713
0,026382
0,026318
0,006517
0,026356
0,000256
0,007323
0,002538
0,026163
0,026096
0,010165
0,026457
0,008934
0,000505
0,003004
0,000897
0,000972
0,001023
0,000117
0,026106
0,026262
0,002959
0,026237
0,000810
0,026205
0,026107
0,026094
0,026003
0,025921
0,025899
0,007538
0,012787
0,006208
0,013269
0,001316
0,008551
0,000708
0,004353
0,026167
0,001991
0,026151
0,026106
0,026033
0,025956
0,025922
0,025842
0,005645
0,025842
0,004578
0,009573
0,001734
0,003760
0,001137
0,026077
0,002437
0,026005
0,000734
0,026131
0,000278
0,002390
0,025887
0,000272
0,025844
0,026089
0,026025
0,002673
0,025725
0,001451
0,000081
0,000734
0,000037
0,025610
0,025905
0,007362
0,025712
0,026129
0,001432
0,000879
0,025685
0,025602
0,002864
0,026009
0,000871
0,025569
0,025522
0,025977
0,025909
0,008506
0,001826
0,001011
0,011822
0,025894
0,011533
0,002621
0,007408
0,025590
0,025489
0,002268
0,000902
0,000602
0,025428
0,025367
0,025931
0,002404
0,025904
0,025267
0,001803
0,025239
0,025879
0,025156
0,002860
0,025850
0,012429
0,025422
0,005443
0,001260
0,025276
0,015062
0,025612
0,024570
0,023571
0,024852
0,026003
0,027204
0,007489
0,024405
0,025166
0,024225
0,022823
0,008198
0,024640
0,025663
0,024580
0,018374
0,026143
0,026370
0,026423
0,025429
0,007707
0,025130
0,016197
0,007538
0,025393
0,025313
0,025220
0,024328
0,025057
0,024973
0,024173
0,023870
0,002776
0,025977
0,025417
0,026216
0,002651
0,025527
0,026264
0,026210
0,025434
0,026064
0,001129
0,000137
0,025305
0,025941
0,025874
0,025165
0,002697
0,025109
0,001586
0,025003
0,001523
0,005545
0,025557
0,002862
0,025442
0,024673
0,025361
0,004395
0,025389
0,000107
0,000442
0,024754
0,024698
0,005388
0,024691
0,024675
0,024611
0,002205
0,006467
0,024419
0,007110
0,002126
0,025638
0,025651
0,024555
0,006240
0,002918
0,001646
0,007326
0,004233
0,025626
0,000459
0,025510
0,024464
0,005762
0,006606
0,024354
0,025360
0,025328
0,001208
0,000500
0,025277
0,025231
0,010518
0,024589
0,010418
0,000918
0,024368
0,002805
0,000944
0,024360
0,001017
0,000175
0,000406
0,009595
0,024464
0,004259
0,000906
0,001595
0,012916
0,004840
0,006908
0,001784
0,003619
0,000555
0,001861
0,025231
0,005268
0,002520
0,000619
0,001459
0,024347
0,000015
0,000677
0,000135
0,024248
0,024190
0,002384
0,024139
0,001076
0,000302
0,000565
0,000313
0,025423
0,001095
0,025373
0,025320
0,024072
0,025186
0,025106
0,023933
0,024954
0,009790
0,003210
0,025346
0,024370
0,005715
0,024187
0,024049
0,025081
0,000154
0,024952
0,001758
0,024885
0,000520
0,000046
0,000264
0,010863
0,004112
0,000374
0,004058
0,024100
0,023996
0,008008
0,002570
0,000680
0,024042
0,005338
0,023868
0,004311
0,007000
0,002822
0,024012
0,007745
0,025133
0,024980
0,011802
0,003082
0,011669
0,025113
0,023783
0,023690
0,024819
0,015403
0,023830
0,023929
0,000192
0,023934
0,022684
0,008964
0,010105
0,010011
0,023930
0,012298
0,001520
0,006283
0,025437
0,025446
0,007511
0,000987
0,001624
0,005033
0,001136
0,025191
0,002560
0,025110
0,001470
0,001150
0,023661
0,023612
0,023539
0,002676
0,023470
0,024929
0,001836
0,024817
0,009681
0,000147
0,001352
0,000190
0,000660
0,025178
0,023762
0,023711
0,002951
0,024966
0,005022
0,023509
0,023496
0,023442
0,004375
0,023456
0,006761
0,024983
0,003586
0,024903
0,023303
0,024848
0,023233
0,023171
0,015165
0,023371
0,002193
0,025275
0,000234
0,000686
0,025231
0,000869
0,022699
0,024604
0,013229
0,024498
0,000613
0,033131
0,013160
0,023970
0,025571
0,019580
0,024999
0,023297
0,024519
0,001303
0,023043
0,024334
0,024274
0,040351
0,025186
0,024167
0,018709
0,025386
0,023609
0,023439
0,023308
0,024795
0,017950
0,058264
0,016139
0,022630
0,071411
0,022883
0,024131
0,011738
0,081988
0,037192
0,022103
0,023376
0,105309
0,028786
0,026459
0,024766
0,024782
0,026755
0,024693
0,026662
0,149747
0,046343
0,139221
0,024118
0,027266
0,028114
0,026661
0,026772
0,151436
0,024621
0,155830
0,024397
0,027202
0,027953
0,147180
0,023579
0,138943
0,025282
0,026592
0,050432
0,025897
0,024117
0,108990
0,022113
0,020400
0,020224
0,019898
0,182156
0,022678
0,025613
0,025449
0,027279
0,026085
0,278871
0,020909
0,018754
0,017555
0,352769
0,022426
0,025668
0,027438
0,029602
0,028718
0,030293
0,017039
0,407109
0,020829
0,017542
0,016923
0,015441
0,253667
0,025898
0,024132
0,283159
0,037331
0,042649
0,045994
0,385285
0,033797
0,227890
0,383828
0,041610
0,029047
0,295640
0,024995
0,022608
0,201429
0,022348
0,122137
0,024807
0,023959
0,093932
0,026056
0,027370
0,045426
0,036363
0,027040
0,027094
0,027048
0,026953
0,039136
0,011342
0,025802
0,023603
0,025620
0,053335
0,024702
0,047830
0,002365
0,023935
0,025760
0,044330
0,026473
0,026862
0,026987
0,012343
0,001457
0,026335
0,009492
0,053843
0,023695
0,024756
0,022778
0,024278
0,024144
0,022416
0,022348
0,023912
0,022232
0,022174
0,023759
0,046202
0,025019
0,023934
0,024212
0,026101
0,066965
0,052058
0,047314
0,023813
0,025664
0,032929
0,024323
0,026384
0,032131
0,007525
0,024235
0,025772
0,024042
0,025605
0,030373
0,011458
0,026086
0,024624
0,025941
0,002163
0,025869
0,036633
0,025004
0,024554
0,023050
0,055155
0,025207
0,024707
0,000082
0,071690
0,023456
0,023905
0,084923
0,023935
0,024798
0,026248
0,098123
0,022030
0,053571
0,000665
0,017460
0,025903
0,010040
0,024977
0,002385
0,025859
0,003882
0,024746
0,054547
0,019509
0,045273
0,008347
0,019137
0,025603
0,004227
0,001509
0,025331
0,024104
0,024043
0,004746
0,000982
0,024057
0,004010
0,000738
0,025448
0,005151
0,001619
0,000155
0,024061
0,024009
0,002011
0,000758
0,005015
0,001721
0,025478
0,002843
0,024088
0,025292
0,005067
0,000692
0,000357
0,003531
0,025210
0,025113
0,025007
0,023875
0,006868
0,006217
0,025219
0,005032
0,007011
0,002838
0,002397
0,024973
0,024051
0,024013
0,000988
0,024912
0,023931
0,002046
0,000687
0,000608
0,023948
0,024902
0,012340
0,002643
0,024206
0,013371
0,002683
0,007195
0,023889
0,003706
0,024020
0,025086
0,024024
0,005819
0,023814
0,004611
0,001408
0,001454
0,001583
0,008440
0,023957
0,007047
0,000619
0,001022
0,004908
0,000772
0,023890
0,023862
0,003920
0,002459
0,003112
0,000075
0,025145
0,001011
0,001548
0,024999
0,002203
0,002304
0,001707
0,024986
0,000214
0,000276
0,023808
0,002156
0,023799
0,000639
0,001605
0,024934
0,023708
0,024819
0,023607
0,024688
0,023498
0,007395
0,024682
0,024691
0,024641
0,023642
0,007176
0,023408
0,023272
0,024175
0,023099
0,024041
0,023964
0,021667
0,023525
0,007488
0,024087
0,015463
0,006203
0,023473
0,024300
0,024162
0,015465
0,002700
0,006094
0,023719
0,023659
0,023586
0,009933
0,024773
0,008386
0,024661
0,024529
0,023482
0,003156
0,024394
0,009477
0,023707
0,008349
0,024500
0,000585
0,006572
0,001010
0,023676
0,023654
0,005701
0,023440
0,004756
0,023391
0,024413
0,024380
0,023350
0,002489
0,009984
0,023597
0,009454
0,002410
0,024361
0,023258
0,010872
0,024351
0,023472
0,023477
0,011719
0,024148
0,023975
0,023839
0,014120
0,015201
0,024558
0,024752
0,015153
0,024369
0,004578
0,004011
0,019245
0,004695
0,023862
0,023798
0,003028
0,023762
0,023736
0,023284
0,023631
0,023210
0,003566
0,023594
0,000320
0,029864
0,024197
0,024330
0,037931
0,007468
0,020324
0,006248
0,023942
0,001008
0,023820
0,023671
0,013081
0,023281
0,013677
0,023445
0,023495
0,008670
0,023237
0,014213
0,005022
0,002632
0,007861
0,000503
0,001400
0,023596
0,000521
0,003289
0,023601
0,001862
0,000473
0,001015
0,000251
0,000508
0,000062
0,023543
0,000835
0,023490
0,023442
0,002081
0,000320
0,001534
0,023680
0,023662
0,000781
0,023434
0,000881
0,023610
0,000716
0,000268
0,000195
0,023588
0,000233
0,023415
0,000659
0,023357
0,000151
0,000020
0,023271
0,000340
0,023201
0,004510
0,000930
0,023647
0,000750
0,023591
0,023532
0,001998
0,023261
0,003191
0,023553
0,023302
0,000611
0,000422
0,000050
0,003399
0,023491
0,023166
0,023098
0,004491
0,023430
0,000048
0,023153
0,023442
0,000677
0,023090
0,008301
0,023188
0,023214
0,001791
0,023643
0,023070
0,002941
0,023603
0,023591
0,023057
0,023010
0,003203
0,022996
0,007507
0,023419
0,008065
0,023422
0,002317
0,023519
0,000334
0,000257
0,000011
0,023013
0,023470
0,023421
0,022905
0,023311
0,022807
0,023205
0,022702
0,009214
0,001575
0,003652
0,022988
0,022931
0,022859
0,000255
0,001582
0,022700
0,002249
0,000043
0,023398
0,022642
0,000737
0,023309
0,023253
0,022504
0,022449
0,022381
0,022306
0,006332
0,022308
0,009247
0,000872
0,023702
0,005904
0,022641
0,023515
0,009759
0,022254
0,010998
0,008079
0,008307
0,023484
0,001764
0,005223
0,001194
0,000620
0,022492
0,001250
0,022452
0,023433
0,001750
0,023421
0,023394
0,002657
0,001255
0,022357
0,003479
0,001208
0,022446
0,022434
0,001327
0,023373
0,023317
0,022275
0,004287
0,002184
0,000208
0,022397
0,001120
0,023408
0,022301
0,022245
0,003835
0,005374
0,022161
0,003479
0,000722
0,001859
0,002088
0,023356
0,001583
0,000993
0,022173
0,022152
0,022101
0,004515
0,022089
0,000219
0,004876
0,023359
0,021927
0,004336
0,023304
0,021971
0,021948
0,023288
0,008705
0,023418
0,007524
0,023314
0,021893
0,006850
0,001021
0,021941
0,021916
0,004502
0,021756
0,006722
0,001452
0,023400
0,003799
0,005032
0,021913
0,000984
0,021870
0,021816
0,004317
0,021640
0,023188
0,021491
0,008655
0,006529
0,004261
0,023560
0,002216
0,007796
0,002701
0,021545
0,006373
0,003988
0,002746
0,002258
0,004551
0,023292
0,004672
0,001475
0,001446
0,023337
0,005602
0,001553
0,002948
0,021750
0,021679
0,023272
0,004219
0,001744
0,023306
0,001546
0,000206
0,021695
0,021667
0,000452
0,000333
0,001502
0,021604
0,000161
0,021578
0,000448
0,000325
0,000087
0,000088
0,000409
0,021526
0,021486
0,023317
0,021392
0,023234
0,021299
0,006020
0,001188
0,021467
0,023436
0,023416
0,002737
0,004473
0,021427
0,000419
0,023352
0,023321
0,021393
0,003397
0,021267
0,021191
0,007095
0,021262
0,023289
0,021308
0,021277
0,005751
0,021305
0,004940
0,021222
0,023302
0,021095
0,021036
0,020973
0,020908
0,020842
0,009798
0,002970
0,023353
0,006022
0,006806
0,003285
0,023427
0,021110
0,001877
0,021061
0,023383
0,000415
0,020943
0,001473
0,004886
0,001436
0,021012
0,000536
0,000271
0,000431
0,020956
0,023433
0,001339
0,005693
0,023281
0,020777
0,020717
0,005887
0,023221
0,023252
0,009639
0,023437
0,008878
0,020972
0,020880
0,000495
0,020773
0,010068
0,020882
0,002725
0,011288
0,023175
0,022999
0,022872
0,010908
0,023016
0,020789
0,023133
0,003368
0,000380
0,022943
0,022873
0,020622
0,022753
0,006822
0,020698
0,022915
0,018709
0,008069
0,016158
0,000650
0,022786
0,009193
0,020732
0,022935
0,001786
0,000626
0,013257
0,023134
0,012507
0,001173
0,001678
0,001598
0,022850
0,020805
0,012387
0,020980
0,021049
0,005185
0,020920
0,023081
0,004176
0,020838
0,015238
0,020578
0,022609
0,021522
0,004579
0,023020
0,002276
0,000156
0,001043
0,023135
0,023091
0,023028
0,020837
0,022913
0,014185
0,020501
0,022319
0,015397
0,022540
0,003142
0,003207
0,022568
0,020618
0,022152
0,003593
0,020677
0,000382
0,020548
0,020442
0,022302
0,022237
0,020273
0,023427
0,006721
0,023065
0,033735
0,022567
0,007461
0,020432
0,022212
0,020417
0,020381
0,002817
0,000630
0,020415
0,045709
0,021206
0,021586
0,027380
0,059145
0,020726
0,021494
0,019373
0,021193
0,045542
0,005330
0,022983
0,017299
0,008135
0,021882
0,024044
0,021887
0,009375
0,003588
0,021621
0,006430
0,043053
0,005710
0,019983
0,030592
0,020205
0,000940
0,005179
0,020494
0,022658
0,008450
0,001538
0,022798
0,022779
0,020528
0,022698
0,022644
0,003837
0,000983
0,010039
0,022516
0,010179
0,020507
0,022615
0,006628
0,022464
0,022352
0,005126
0,020443
0,022387
0,022369
0,022324
0,020445
0,020408
0,003014
0,011606
0,022559
0,011888
0,020583
0,020474
0,010519
0,022480
0,022545
0,022540
0,002255
0,010150
0,004763
0,020370
0,012110
0,022400
0,020637
0,020650
0,003527
0,022459
0,020467
0,011782
0,008561
0,003291
0,011191
0,020651
0,010035
0,009668
0,008465
0,020320
0,003423
0,004891
0,022296
0,003408
0,001688
0,020374
0,002453
0,022318
0,020302
0,020257
0,022198
0,020169
0,006696
0,020212
0,020228
0,020205
0,022331
0,007750
0,007640
0,005545
0,020249
0,022472
0,022476
0,020306
0,022415
0,022365
0,002197
0,020180
0,022177
0,020091
0,022080
0,022026
0,005792
0,020114
0,000679
0,006052
0,022285
0,022319
0,003391
0,000187
0,006192
0,021982
0,007092
0,005273
0,022150
0,002279
0,008094
0,021984
0,020078
0,020008
0,019944
0,019883
0,009161
0,020014
0,012531
0,022350
0,022481
0,022510
0,018088
0,020206
0,021860
0,024608
0,020300
0,022421
0,026950
0,020100
0,019860
0,019713
0,036380
0,002494
0,020405
0,044112
0,007216
0,019606
0,046995
0,020228
0,014063
0,005155
0,051018
0,021266
0,037418
0,054253
0,022815
0,023582
0,021649
0,024100
0,024137
0,021842
0,021811
0,024064
0,046255
0,022706
0,016426
0,022154
0,058509
0,020927
0,059551
0,025195
0,022352
0,020946
0,023180
0,028751
0,064357
0,029340
0,019224
0,019204
0,020624
0,020579
0,019125
0,020496
0,015452
0,094137
0,023046
0,098958
0,031105
0,061085
0,019878
0,008160
0,022008
0,002134
0,001750
0,022118
0,043872
0,015068
0,019809
0,003310
0,019790
0,008126
0,023598
0,004254
0,000085
0,015981
0,021546
0,000038
0,021735
0,003158
0,003475
0,001749
0,003791
0,020193
0,020194
0,002539
0,020107
0,021551
0,020011
0,005052
0,020025
0,021601
0,021587
0,020007
0,019972
0,021499
0,006914
0,001214
0,020148
0,007219
0,020059
0,007496
0,003030
0,001255
0,003798
0,003056
0,019926
0,001144
0,019933
0,000159
0,019901
0,019865
0,019819
0,005509
0,021686
0,019860
0,005969
0,021586
0,005698
0,019738
0,019742
0,019716
0,003431
0,001151
0,019578
0,002575
0,021545
0,006794
0,000835
0,021814
0,021834
0,006363
0,021659
0,007248
0,002186
0,021649
0,004118
0,021507
0,003953
0,000096
0,001962
0,021457
0,003963
0,019799
0,000302
0,000292
0,019817
0,000477
0,000126
0,000314
0,019761
0,000501
0,021530
0,021502
0,001416
0,019739
0,000546
0,001833
0,000797
0,000514
0,021519
0,019734
0,001196
0,000666
0,021411
0,021376
0,021327
0,002659
0,021299
0,005275
0,019791
0,004919
0,001320
0,019754
0,019721
0,019676
0,005217
0,019688
0,000082
0,021504
0,019683
0,021464
0,002050
0,019663
0,000439
0,005927
0,019563
0,019489
0,019424
0,021225
0,021180
0,012728
0,021370
0,002105
0,016609
0,021254
0,006644
0,021148
0,019051
0,019810
0,010323
0,002700
0,020887
0,013771
0,021023
0,021037
0,024685
0,007365
0,008491
0,019742
0,019636
0,019556
0,019488
0,019428
0,021245
0,019335
0,009550
0,019113
0,010712
0,021017
0,019167
0,007678
0,019043
0,017684
0,021259
0,019494
0,007345
0,021364
0,019338
0,006391
0,001735
0,003439
0,000381
0,003226
0,021302
0,001620
0,021341
0,001121
0,000949
0,000386
0,019368
0,021232
0,002476
0,000670
0,000552
0,019429
0,000620
0,021308
0,000966
0,021274
0,000427
0,000222
0,000217
0,019379
0,021205
0,000626
0,021167
0,021134
0,000723
0,019322
0,000041
0,004137
0,000563
0,021226
0,002286
0,021179
0,019408
0,000259
0,004903
0,021158
0,021173
0,004992
0,001344
0,021002
0,002585
0,000652
0,021036
0,021024
0,003900
0,001881
0,019491
0,021022
0,020985
0,002330
0,020969
0,019474
0,002923
0,019397
0,003005
0,019383
0,020908
0,000376
0,005084
0,020994
0,004710
0,000211
0,020890
0,000750
0,019392
0,000815
0,020840
0,005432
0,001265
0,019475
0,020944
0,000404
0,019439
0,020902
0,001680
0,019420
0,005964
0,020776
0,006766
0,020782
0,003221
0,000359
0,019299
0,004416
0,019344
0,001848
0,001833
0,020863
0,001285
0,000517
0,000714
0,000160
0,019327
0,001777
0,000675
0,020819
0,000239
0,020786
0,020753
0,002369
0,020733
0,020717
0,019355
0,001287
0,003519
0,000351
0,000255
0,019408
0,001262
0,019350
0,019304
0,019255
0,019204
0,020639
0,019121
0,020579
0,005417
0,005252
0,019283
0,020886
0,009939
0,003234
0,020662
0,006930
0,001762
0,003706
0,000372
0,019220
0,020653
0,020614
0,004859
0,001506
0,019280
0,000977
0,020741
0,006577
0,003107
0,019152
0,019133
0,009360
0,020727
0,020793
0,019317
0,020791
0,011610
0,019092
0,018969
0,018883
0,019357
0,002781
0,019334
0,001172
0,020511
0,020430
0,003965
0,019008
0,018205
0,020837
0,018372
0,000709
0,002849
0,019025
0,020360
0,018894
0,020258
0,018815
0,008019
0,020361
0,019011
0,002603
0,018970
0,020887
0,007295
0,006605
0,019138
0,002166
0,020646
0,019046
0,020609
0,018997
0,009587
0,020339
0,010905
0,007891
0,000483
0,020760
0,019232
0,019230
0,019203
0,004906
0,000206
0,011603
0,004724
0,020294
0,009565
0,001447
0,020596
0,006083
0,020510
0,018915
0,020366
0,018826
0,008560
0,002763
0,018915
0,002946
0,020540
0,000292
0,018982
0,006581
0,002556
0,003632
0,000794
0,001922
0,001952
0,000460
0,018919
0,000844
0,001214
0,020502
0,000648
0,000114
0,000451
0,018895
0,000114
0,018866
0,020463
0,018814
0,002381
0,000639
0,000832
0,018877
0,020543
0,000694
0,020495
0,018823
0,020427
0,020386
0,018750
0,020308
0,020265
0,020217
0,006143
0,001094
0,003879
0,005492
0,003127
0,000665
0,002247
0,018826
0,018812
0,000945
0,020309
0,001323
0,018739
0,000320
0,000057
0,004044
0,000493
0,018839
0,018841
0,018818
0,001860
0,020399
0,001490
0,020358
0,000610
0,000941
0,020361
0,000594
0,000265
0,000332
0,018746
0,020320
0,001263
0,000465
0,000007
0,018757
0,000110
0,000468
0,000012
0,018708
0,000635
0,000067
0,000326
0,018668
0,018640
0,000968
0,020312
0,018592
0,003294
0,020347
0,000164
0,020355
0,020327
0,000601
0,018653
0,020271
0,018618
0,001606
0,020239
0,000843
0,020197
0,020157
0,001724
0,004202
0,020229
0,018723
0,001410
0,000294
0,000528
0,018668
0,020206
0,018626
0,001394
0,000801
0,020114
0,018538
0,004538
0,018597
0,020207
0,000262
0,020205
0,000305
0,018625
0,020163
0,020131
0,001364
0,000556
0,000348
0,000910
0,000343
0,020142
0,020116
0,000208
0,018626
0,000871
0,000336
0,018621
0,020080
0,018588
0,002029
0,000479
0,000764
0,020094
0,018593
0,001155
0,000607
0,001431
0,020063
0,018574
0,000738
0,020052
0,020030
0,000305
0,001700
0,018580
0,000002
0,000145
0,000088
0,018565
0,020021
0,000277
0,000177
0,000116
0,001599
0,020014
0,000028
0,018564
0,019993
0,000458
0,019957
0,018517
0,018491
0,018454
0,018413
0,019865
0,003006
0,000783
0,018379
0,018359
0,001500
0,000671
0,006898
0,001450
0,000603
0,020064
0,020045
0,002476
0,019932
0,018394
0,005772
0,001750
0,018432
0,018413
0,018381
0,019926
0,019896
0,004863
0,003153
0,000513
0,001642
0,019971
0,019962
0,019931
0,000171
0,018429
0,019858
0,001399
0,000808
0,018433
0,000725
0,000112
0,000147
0,000032
0,000054
0,000738
0,000252
0,000338
0,000359
0,019861
0,018386
0,019809
0,002339
0,018379
0,019823
0,019804
0,018360
0,019745
0,018312
0,019685
0,004217
0,004276
0,002153
0,003136
0,018408
0,000699
0,000643
0,000430
0,019742
0,000225
0,018302
0,000556
0,000017
0,000276
0,019694
0,000463
0,000080
0,019662
0,000016
0,019624
0,019593
0,001150
0,000129
0,018256
0,019549
0,018220
0,008263
0,018356
0,019771
0,003059
0,019726
0,019670
0,018328
0,000051
0,003462
0,019642
0,000853
0,000252
0,000767
0,000169
0,018353
0,000911
0,019615
0,000609
0,001651
0,000642
0,018377
0,000484
0,018337
0,018304
0,001562
0,019634
0,019624
0,019595
0,019556
0,018257
0,019484
0,018209
0,004160
0,018226
0,018228
0,019528
0,018190
0,005376
0,006166
0,019547
0,005652
0,018263
0,001067
0,018262
0,003681
0,001300
0,019505
0,018129
0,003379
0,000952
0,002916
0,019591
0,000623
0,019594
0,018229
0,018204
0,018169
0,019516
0,018104
0,018070
0,018031
0,019434
0,019404
0,007094
0,000153
0,001101
0,018184
0,003210
0,000407
0,001362
0,002823
0,000122
0,002997
0,000177
0,018072
0,002470
0,018067
0,000655
0,019578
0,000306
0,019565
0,018067
0,001061
0,000392
0,002191
0,000726
0,018041
0,019512
0,001072
0,018016
0,000489
0,002482
0,000964
0,019569
0,019548
0,000691
0,018025
0,017996
0,017961
0,002503
0,017956
0,002172
0,000957
0,001994
0,019524
0,001639
0,001015
0,017966
0,019530
0,017950
0,000930
0,017931
0,000500
0,017915
0,019523
0,019499
0,001566
0,000537
0,019501
0,000094
0,019477
0,017913
0,017889
0,019413
0,019381
0,002336
0,017845
0,017837
0,017813
0,004459
0,017859
0,000721
0,000808
0,019501
0,019469
0,001517
0,017847
0,002415
0,017798
0,019371
0,004355
0,019399
0,019408
0,019389
0,017805
0,003451
0,004822
0,000973
0,000236
0,017808
0,006242
0,019451
0,017913
0,007215
0,017800
0,019293
0,009627
0,000124
0,017864
0,001581
0,011676
0,017653
0,012177
0,017664
0,003231
0,010890
0,001831
0,001197
0,017672
0,000523
0,019299
0,000384
0,014029
0,019534
0,019647
0,007001
0,017861
0,017776
0,019408
0,019362
0,019316
0,015525
0,018947
0,017272
0,023400
0,017496
0,020456
0,017395
0,017872
0,010494
0,017878
0,012700
0,010866
0,004350
0,019131
0,014202
0,003725
0,019382
0,009059
0,017619
0,017535
0,005642
0,017562
0,019217
0,019217
0,017590
0,017569
0,000155
0,017527
0,019154
0,019127
0,015934
0,019382
0,005005
0,001555
0,021060
0,018951
0,018714
0,018576
0,018487
0,036258
0,009404
0,019622
0,018235
0,014555
0,019724
0,017923
0,056308
0,021338
0,031042
0,017430
0,019144
0,020843
0,018234
0,023002
0,001599
0,019516
0,019845
0,017520
0,017280
0,034425
0,011869
0,019208
0,021582
0,017334
0,018609
0,018248
0,018830
0,018983
0,025133
0,018066
0,026922
0,001694
0,012609
0,017479
0,018689
0,032462
0,019134
0,019396
0,019505
0,019535
0,019526
0,019497
0,049786
0,017272
0,018023
0,017776
0,031417
0,017198
0,070560
0,018721
0,077654
0,018427
0,019120
0,017729
0,017594
0,082676
0,018740
0,019373
0,061071
0,010490
0,017640
0,093729
0,082962
0,028182
0,018871
0,018251
0,063285
0,108093
0,029269
0,020345
0,000095
0,068152
0,016715
0,068846
0,036903
0,051404
0,007454
0,002308
0,017412
0,018546
0,017250
0,008047
0,017346
0,044851
0,018339
0,042241
0,003286
0,018472
0,018292
0,036096
0,017431
0,019105
0,005075
0,053093
0,018505
0,050745
0,018744
0,019084
0,040194
0,018546
0,019742
0,005210
0,017614
0,017720
0,041467
0,015529
0,019811
0,018541
0,018537
0,032652
0,019104
0,010683
0,017113
0,018137
0,018021
0,023547
0,007515
0,018391
0,018400
0,018385
0,017170
0,017151
0,018324
0,029387
0,017705
0,029150
0,008613
0,018823
0,007005
0,023813
0,018972
0,021897
0,017667
0,012342
0,017627
0,001101
0,017656
0,000127
0,017624
0,000820
0,017605
0,000445
0,008131
0,017467
0,004385
0,018712
0,017460
0,018718
0,017442
0,000762
0,017421
0,013874
0,017601
0,019079
0,006680
0,018990
0,017525
0,017587
0,018501
0,019465
0,010563
0,018937
0,017741
0,019180
0,009869
0,023004
0,010064
0,013300
0,002622
0,018804
0,018876
0,005956
0,012458
0,002218
0,018642
0,002800
0,018551
0,017356
0,018518
0,009205
0,001311
0,017624
0,007080
0,018756
0,018682
0,002643
0,018537
0,017392
0,015155
0,018700
0,003063
0,019022
0,018438
0,018240
0,017126
0,018059
0,029945
0,017457
0,001417
0,018959
0,019020
0,019028
0,048185
0,013293
0,017949
0,060464
0,017930
0,053507
0,018718
0,017472
0,018139
0,017221
0,017962
0,005621
0,018007
0,000765
0,017272
0,056005
0,019067
0,018521
0,018717
0,018792
0,034656
0,004202
0,017603
0,018558
0,018421
0,018333
0,035086
0,004623
0,086567
0,017254
0,017459
0,017125
0,128368
0,018148
0,020337
0,047037
0,167133
0,016070
0,101185
0,176810
0,019503
0,021441
0,022455
0,242621
0,074055
0,028957
0,054712
0,307131
0,062535
0,164062
0,093703
0,109842
0,018284
0,021856
0,019148
0,114501
0,026970
0,019407
0,017528
0,017631
0,017072
0,138142
0,042616
0,019899
0,020010
0,169903
0,017227
0,078332
0,017109
0,006271
0,014532
0,005447
0,017266
0,009198
0,206328
0,020482
0,022346
0,023656
0,024225
0,298052
0,019316
0,212085
0,034088
0,025462
0,018967
0,100031
0,017704
0,016945
0,085724
0,099575
0,055239
0,019946
0,019991
0,125271
0,014190
0,101709
0,005668
0,018891
0,020045
0,019311
0,020769
0,019731
0,018692
0,019341
0,019248
0,018449
0,018408
0,069124
0,017154
0,066303
0,017360
0,029656
0,017445
0,017275
0,018157
0,044274
0,001566
0,006960
0,002078
0,025809
0,018099
0,019844
0,018022
0,018108
0,018132
0,006574
0,025592
0,019024
0,018838
0,017580
0,013133
0,002011
0,017912
0,017976
0,017989
0,019233
0,009866
0,000873
0,018845
0,007477
0,018875
0,000117
0,036112
0,011636
0,015773
0,019320
0,019141
0,018053
0,017320
0,018665
0,017543
0,016967
0,019152
0,008231
0,021213
0,006278
0,017860
0,017797
0,017748
0,009387
0,015442
0,018242
0,019446
0,019504
0,013614
0,018239
0,019037
0,008304
0,019050
0,017865
0,008165
0,020741
0,004849
0,011367
0,018166
0,019046
0,017997
0,017949
0,008390
0,010802
0,018924
0,006458
0,018094
0,006216
0,004727
0,002480
0,018929
0,018900
0,017869
0,003756
0,017911
0,000416
0,018944
0,017919
0,007316
0,018015
0,002537
0,019027
0,000784
0,008650
0,018846
0,008382
0,000276
0,002613
0,018965
0,008430
0,002050
0,001498
0,005373
0,018940
0,018961
0,002585
0,000245
0,001144
0,018851
0,001073
0,018046
0,005380
0,017940
0,017872
0,007969
0,001404
0,004240
0,000074
0,003153
0,018811
0,000234
0,017953
0,018805
0,003673
0,000915
0,017995
0,002229
0,000596
0,001223
0,000076
0,018803
0,000682
0,000253
0,001011
0,000078
0,000872
0,018785
0,000077
0,017961
0,017942
0,001389
0,000574
0,018780
0,017950
0,000309
0,000160
0,000264
0,000038
0,000087
0,000211
0,017933
0,017913
0,000780
0,001017
0,018781
0,017910
0,000468
0,018764
0,018742
0,000171
0,001323
0,000253
0,000576
0,017929
0,018724
0,000136
0,000292
0,001541
0,017924
0,001169
0,018705
0,000914
0,000152
0,000613
0,000920
0,000049
0,000051
0,000662
0,017911
0,000016
0,000129
0,000070
0,000022
0,000368
0,000108
0,000204
0,018692
0,000405
0,000235
0,000060
0,000010
0,000012
0,017904
0,000325
0,000057
0,000152
0,000308
0,000062
0,000116
0,018680
0,017881
0,017860
0,001161
0,000099
0,001535
0,001349
0,000056
0,000684
0,018683
0,018664
0,018631
0,017858
0,018565
0,017820
0,003225
0,000717
0,018610
0,018609
0,017908
0,001796
0,018587
0,017920
0,018561
0,017892
0,000584
0,000413
0,018524
0,017874
0,017855
0,018480
0,001091
0,000078
0,017822
0,017805
0,002884
0,000910
0,018515
0,017832
0,000076
0,017805
0,000618
0,018485
0,017781
0,002813
0,017799
0,017801
0,017783
0,001317
0,002782
0,000882
0,000323
0,017732
0,017717
0,018505
0,017673
0,001532
0,000496
0,017685
0,017677
0,017655
0,018508
0,017607
0,018464
0,018432
0,008069
0,018496
0,018525
0,017766
0,000623
0,018515
0,000489
0,018497
0,010750
0,017594
0,018209
0,018141
0,017293
0,004465
0,017734
0,002507
0,018452
0,017832
0,000586
0,014030
0,004598
0,007831
0,000919
0,017667
0,005349
0,018262
0,018203
0,006604
0,017596
0,017628
0,017627
0,018268
0,017594
0,017569
0,005730
0,017427
0,011010
0,018287
0,018371
0,017672
0,004462
0,018301
0,007380
0,001854
0,017655
0,004789
0,002348
0,018261
0,017562
0,017544
0,006543
0,018316
0,000811
0,000361
0,000187
0,000294
0,008683
0,002655
0,018177
0,003959
0,017551
0,005529
0,001803
0,017696
0,003410
0,018319
0,018272
0,000534
0,005825
0,018262
0,018275
0,018259
0,018229
0,006549
0,018074
0,017509
0,017950
0,017907
0,017864
0,017399
0,017796
0,017358
0,010154
0,017528
0,017609
0,004242
0,017556
0,000583
0,017975
0,017950
0,013447
0,004174
0,002481
0,018091
0,017679
0,001766
0,008634
0,017536
0,004504
0,009976
0,018118
0,005740
0,001644
0,017649
0,009350
0,017815
0,017313
0,012137
0,017889
0,002640
0,017563
0,017545
0,001687
0,017470
0,017429
0,013987
0,001756
0,002225
0,000472
0,017667
0,018088
0,018451
0,017772
0,012850
0,003122
0,017962
0,018022
0,018031
0,009606
0,025003
0,006563
0,017781
0,017790
0,018130
0,002359
0,016182
0,001425
0,017651
0,018062
0,012348
0,001737
0,010556
0,000909
0,001687
0,017973
0,000374
0,000511
0,017947
0,017930
0,007821
0,017770
0,017684
0,017622
0,007615
0,011411
0,004575
0,017991
0,008148
0,004860
0,017501
0,006817
0,017688
0,017719
0,007189
0,003060
0,005895
0,000091
0,017666
0,004658
0,002265
0,017654
0,017772
0,005943
0,000658
0,001024
0,017652
0,000293
0,017632
0,008692
0,002457
0,001624
0,017703
0,010100
0,002972
0,017465
0,007103
0,001573
0,017577
0,017533
0,004793
0,001500
0,007836
0,001019
0,017715
0,005089
0,001438
0,017562
0,017540
0,017474
0,017479
0,004489
0,005774
0,005906
0,017636
0,002636
0,000653
0,002485
0,001324
0,017575
0,017556
0,002724
0,017556
0,017582
0,017555
0,017563
0,017518
0,001730
0,003332
0,017573
0,017582
0,001567
0,003938
0,001917
0,001213
0,000225
0,004390
0,017669
0,002922
0,004092
0,017454
0,004102
0,017423
0,017557
0,002242
0,000455
0,017492
0,017468
0,005963
0,000867
0,017616
0,017633
0,017624
0,017601
0,017573
0,017541
0,000009
0,017491
0,017466
0,000492
0,000361
0,000028
0,017563
0,001481
0,017458
0,000077
0,017448
0,017429
0,001096
0,017411
0,000708
0,017564
0,017540
0,001765
0,017518
0,001025
0,000040
0,017366
0,017346
0,001657
0,017333
0,003414
0,000471
0,003253
0,017396
0,000887
0,017326
0,017292
0,017496
0,017237
0,007364
0,017321
0,006597
0,000042
0,017484
0,017446
0,017407
0,005592
0,005872
0,003290
0,002468
0,006635
0,003635
0,017256
0,017440
0,007804
0,002025
0,001184
0,000413
0,005183
0,017270
0,017392
0,017170
0,017325
0,006526
0,017235
0,001310
0,017467
0,007896
0,003385
0,017396
0,017378
0,008857
0,017188
0,017306
0,011976
0,017213
0,009237
0,017164
0,004350
0,000912
0,002022
0,017138
0,000108
0,006751
0,001648
0,017534
0,002463
0,001579
0,000086
0,000154
0,017251
0,001052
0,001093
0,000771
0,000198
0,017239
0,000033
0,000140
0,000101
0,000009
0,000315
0,017213
0,000595
0,000051
0,000392
0,017506
0,000483
0,017196
0,000937
0,000334
0,000761
0,017510
0,017499
0,017216
0,017199
0,000341
0,000119
0,017444
0,001502
0,000352
0,017464
0,000621
0,017436
0,017196
0,017388
0,000873
0,001908
0,017396
0,017226
0,017392
0,000958
0,017189
0,017329
0,002051
0,001951
0,017227
0,001199
0,002035
0,017170
0,017312
0,003271
0,017152
0,017157
0,002725
0,017288
0,002583
0,003772
0,017354
0,003369
0,017342
0,002883
0,017197
0,017199
0,001159
0,017316
0,017139
0,001242
0,000460
0,017305
0,017294
0,002308
0,017180
0,017182
0,002072
0,000549
0,000888
0,017124
0,017276
0,000586
0,017262
0,002052
0,017145
0,000110
0,002059
0,000455
0,017235
0,017212
0,017080
0,017060
0,017149
0,017123
0,017092
0,004842
0,004115
0,005849
0,017151
0,002815
0,000591
0,017170
0,017166
0,002011
0,000350
0,002106
0,000014
0,017213
0,017199
0,000647
0,001400
0,017099
0,017074
0,002453
0,017072
0,001247
0,017199
0,017101
0,000236
0,017087
0,002276
0,001345
0,000589
0,002448
0,017225
0,001931
0,000003
0,000966
0,001301
0,000233
0,000265
0,017046
0,001277
0,017170
0,000273
0,000257
0,000085
0,000040
0,017156
0,000648
0,000070
0,000384
0,000594
0,000072
0,017136
0,000343
0,017114
0,001149
0,000231
0,017109
0,000087
0,001264
0,017068
0,001438
0,017046
0,017030
0,017082
0,016988
0,002805
0,017102
0,017111
0,017099
0,000141
0,017069
0,017023
0,001087
0,000964
0,000053
0,017084
0,001538
0,000191
0,017033
0,000687
0,002457
0,017060
0,000913
0,002498
0,000655
0,001391
0,017027
0,017015
0,017001
0,002252
0,017041
0,016999
0,016984
0,017033
0,001589
0,016911
0,002083
0,016890
0,003423
0,016941
0,017091
0,016958
0,002619
0,000269
0,016879
0,017010
0,001545
0,004588
0,017095
0,016967
0,002301
0,016919
0,016878
0,016840
0,004258
0,001664
0,002395
0,016736
0,016997
0,016987
0,016718
0,016697
0,016942
0,016921
0,000158
0,016879
0,008902
0,001846
0,002070
0,016844
0,016821
0,016793
0,002627
0,000615
0,000851
0,001529
0,017031
0,016999
0,002235
0,002398
0,016795
0,017074
0,016804
0,017064
0,000455
0,017026
0,017000
0,001573
0,016763
0,016993
0,001120
0,000550
0,016951
0,001455
0,000666
0,016777
0,016981
0,016763
0,016958
0,000879
0,016738
0,016726
0,016703
0,001356
0,000400
0,016977
0,016971
0,001060
0,016961
0,000519
0,016711
0,016691
0,000982
0,000098
0,000507
0,016655
0,016917
0,000952
0,002211
0,000209
0,016700
0,016988
0,001036
0,016951
0,000914
0,000569
0,016888
0,016624
0,016856
0,016834
0,002153
0,016604
0,016599
0,004076
0,016651
0,003913
0,016907
0,016868
0,005534
0,000412
0,016937
0,016936
0,000236
0,016679
0,016660
0,001315
0,000436
0,006062
0,001187
0,016815
0,001109
0,008312
0,002528
0,016969
0,016968
0,003459
0,016875
0,003427
0,001591
0,016723
0,002424
0,004486
0,000214
0,005159
0,000988
0,002735
0,000068
0,016874
0,001751
0,016836
0,001779
0,016818
0,001674
0,016685
0,001055
0,000047
0,000500
0,016775
0,000027
0,000036
0,016673
0,000259
0,016757
0,000796
0,016752
0,000189
0,000300
0,000016
0,016676
0,000064
0,000113
0,016650
0,016738
0,000623
0,000027
0,000315
0,016718
0,001726
0,000019
0,016739
0,016730
0,016661
0,016697
0,001058
0,016685
0,016674
0,001740
0,016673
0,001206
0,016663
0,000856
0,001433
0,016668
0,016665
0,000005
0,000087
0,016684
0,000357
0,000191
0,000063
0,000454
0,016667
0,000732
0,016636
0,016623
0,001096
0,000353
0,016621
0,000342
0,000246
0,016673
0,016655
0,016631
0,001965
0,000418
0,016626
0,001089
0,002083
0,016610
0,000008
0,016609
0,016592
0,001426
0,016574
0,016561
0,000771
0,016541
0,001261
0,016652
0,016627
0,016473
0,016451
0,016423
0,003880
0,016454
0,000543
0,016464
0,016667
0,003494
0,001015
0,001902
0,016458
0,001498
0,000069
0,016439
0,016686
0,000677
0,000309
0,000703
0,016425
0,016406
0,016664
0,001924
0,000862
0,016695
0,000234
0,016689
0,016412
0,016394
0,016649
0,001049
0,000597
0,000616
0,002645
0,016389
0,016400
0,016694
0,001612
0,016652
0,002132
0,016357
0,016646
0,000892
0,016646
0,001322
0,016610
0,001303
0,016352
0,000278
0,016348
0,000123
0,000093
0,000006
0,016608
0,000251
0,002901
0,016366
0,016658
0,016652
0,016635
0,016611
0,016351
0,016568
0,001731
0,016505
0,016470
0,016439
0,005078
0,016339
0,016370
0,001522
0,000448
0,016503
0,016479
0,001992
0,016477
0,016334
0,016471
0,016316
0,005154
0,001590
0,000486
0,016530
0,000338
0,003317
0,001110
0,016448
0,001910
0,016332
0,002197
0,016507
0,016513
0,000899
0,000028
0,000467
0,000267
0,016478
0,002155
0,000848
0,001206
0,000241
0,016440
0,000571
0,016413
0,000902
0,016394
0,001842
0,016411
0,016412
0,000707
0,000270
0,000168
0,000969
0,016392
0,000601
0,016373
0,016399
0,016339
0,016366
0,002139
0,016331
0,016365
0,002153
0,000408
0,000830
0,016409
0,000324
0,016378
0,002503
0,001060
0,001412
0,000317
0,016340
0,001853
0,001361
0,000017
0,000154
0,001361
0,000524
0,016368
0,016355
0,000717
0,016341
0,016352
0,016338
0,016317
0,016293
0,016292
0,016273
0,001939
0,000450
0,001037
0,016247
0,016224
0,016235
0,016180
0,016204
0,006556
0,016259
0,016302
0,000213
0,016314
0,002909
0,000277
0,001288
0,001316
0,016229
0,000295
0,000031
0,016229
0,016368
0,016353
0,016194
0,016317
0,000175
0,000300
0,016151
0,016135
0,016112
0,016264
0,001341
0,000251
0,016263
0,016075
0,016240
0,016221
0,016037
0,000817
0,007013
0,016325
0,016216
0,004289
0,016346
0,001588
0,006478
0,001031
0,016349
0,000261
0,006932
0,002728
0,005716
0,000939
0,001337
0,003739
0,016125
0,002573
0,016108
0,016261
0,000331
0,016106
0,005097
0,016154
0,016170
0,006182
0,016075
0,016243
0,016205
0,016172
0,015951
0,010884
0,016063
0,016115
0,016405
0,016409
0,000323
0,000226
0,016401
0,015925
0,015925
0,016661
0,000390
0,002613
0,013241
0,002067
0,001581
0,015987
0,015980
0,016182
0,015844
0,016154
0,016537
0,008321
0,020110
0,008892
0,015810
0,023466
0,005543
0,005812
0,014122
0,004166
0,006884
0,016193
0,016229
0,016234
0,016222
0,016008
0,016189
0,000350
0,000225
0,009633
0,002829
0,008919
0,015991
0,015920
0,004899
0,016157
0,007651
0,016315
0,007547
0,000218
0,016230
0,016194
0,007149
0,001889
0,003419
0,003703
0,016139
0,004180
0,000078
0,016138
0,015987
0,003020
0,015928
0,005586
0,001018
0,001743
0,016094
0,016291
0,016109
0,004942
0,000699
0,016132
0,016089
0,015881
0,005623
0,015950
0,016174
0,001539
0,016022
0,016222
0,016015
0,015998
0,001514
0,016167
0,000081
0,016123
0,016103
0,001038
0,016084
0,003135
0,015954
0,002090
0,016128
0,015935
0,000486
0,000298
0,016096
0,000059
0,003944
0,016142
0,016159
0,004651
0,016077
0,001267
0,015918
0,000690
0,000074
0,015920
0,000187
0,006964
0,016142
0,002941
0,000700
0,016118
0,002227
0,000819
0,016004
0,009784
0,015876
0,003807
0,015830
0,013646
0,004225
0,016243
0,005991
0,015955
0,002180
0,015894
0,015883
0,016097
0,016083
0,016062
0,003638
0,000659
0,001421
0,006832
0,015843
0,002676
0,015802
0,009880
0,015925
0,009278
0,000170
0,004666
0,000584
0,015896
0,003455
0,016109
0,015822
0,000073
0,015779
0,000867
0,016039
0,015761
0,015746
0,006484
0,000771
0,001038
0,000241
0,015804
0,008796
0,015662
0,015586
0,012423
0,016058
0,015734
0,001964
0,016020
0,015994
0,015868
0,008292
0,020509
0,016295
0,021014
0,015899
0,006115
0,015619
0,023174
0,006323
0,016215
0,015305
0,004020
0,015604
0,015913
0,005423
0,000915
0,016033
0,016051
0,015739
0,016040
0,016024
0,011138
0,016169
0,016240
0,015956
0,015739
0,002613
0,016044
0,015733
0,016098
0,016125
0,001642
0,000082
0,013687
0,004811
0,015561
0,009097
0,002472
0,004197
0,000179
0,008866
0,000142
0,000911
0,000620
0,011835
0,004349
0,015808
0,012991
0,015616
0,006224
0,001995
0,015944
0,015965
0,014771
0,016197
0,015990
0,012329
0,016141
0,015699
0,015682
0,015686
0,017401
0,003551
0,015974
0,015046
0,018652
0,015848
0,001141
0,003519
0,015723
0,000862
0,000255
0,000585
0,016090
0,015740
0,000791
0,016070
0,015727
0,015713
0,001224
0,016066
0,000225
0,000042
0,000138
0,016062
0,014626
0,015810
0,015419
0,009780
0,001814
0,015865
0,006307
0,021210
0,006710
0,003101
0,001479
0,016069
0,015723
0,027643
0,015610
0,015164
0,015062
0,015210
0,015169
0,024876
0,015570
0,015604
0,015702
0,015737
0,034120
0,016511
0,033239
0,035959
0,015195
0,014841
0,014655
0,014793
0,014498
0,014701
0,046560
0,015251
0,015660
0,035960
0,014847
0,016534
0,016978
0,016987
0,016578
0,016966
0,016550
0,046069
0,016041
0,015219
0,026703
0,008053
0,008472
0,016123
0,009193
0,005272
0,004852
0,003425
0,000361
0,015514
0,006993
0,015605
0,006839
0,004216
0,015850
0,015390
0,004661
0,015411
0,008450
0,015547
0,005096
0,015996
0,000944
0,010624
0,015344
0,006954
0,015778
0,015808
0,015810
0,015411
0,015400
0,015396
0,005354
0,008441
0,015499
0,006664
0,015954
0,015517
0,015515
0,004025
0,015420
0,015366
0,003262
0,015365
0,015371
0,003041
0,000971
0,015880
0,015865
0,015845
0,001468
0,015320
0,015842
0,005795
0,015917
0,002175
0,006652
0,015299
0,004268
0,007112
0,002172
0,015962
0,015965
0,015443
0,015945
0,002990
0,015863
0,015818
0,015309
0,003708
0,015821
0,015367
0,000636
0,015833
0,015815
0,015794
0,000391
0,000374
0,000247
0,000153
0,015325
0,000054
0,015306
0,000287
0,002721
0,000320
0,015828
0,001737
0,015805
0,000800
0,002984
0,000595
0,000420
0,015788
0,000392
0,000273
0,000031
0,002141
0,000745
0,000567
0,000097
0,015350
0,001366
0,000500
0,000248
0,001398
0,000737
0,015325
0,015313
0,015294
0,001276
0,015762
0,002319
0,015795
0,015800
0,002469
0,000694
0,000586
0,015740
0,001762
0,015753
0,015335
0,015326
0,001533
0,000592
0,001338
0,000220
0,015308
0,015755
0,000396
0,000942
0,015740
0,015293
0,015280
0,015261
0,000003
0,015226
0,015704
0,015689
0,003336
0,015720
0,015266
0,015265
0,015736
0,015242
0,015224
0,000744
0,001530
0,000386
0,015751
0,000112
0,000131
0,000135
0,015228
0,000231
0,000132
0,001864
0,000497
0,015710
0,015187
0,003131
0,000040
0,000421
0,000274
0,015217
0,015747
0,000985
0,000356
0,015216
0,004103
0,001017
0,015145
0,015128
0,006352
0,015760
0,001333
0,015199
0,000226
0,008120
0,015074
0,015010
0,005885
0,015048
0,015687
0,015088
0,001827
0,015664
0,015024
0,015618
0,002331
0,015021
0,015642
0,000041
0,000013
0,013598
0,015193
0,015266
0,007149
0,015172
0,015829
0,015063
0,015764
0,015012
0,016286
0,015465
0,015325
0,017773
0,014899
0,015031
0,018809
0,015835
0,014908
0,001548
0,014826
0,010904
0,009062
0,012010
0,015028
0,015713
0,015681
0,010616
0,015087
0,015137
0,005422
0,015828
0,015011
0,015744
0,004478
0,015022
0,015044
0,015829
0,015822
0,000548
0,015021
0,015003
0,014981
0,014958
0,002345
0,011173
0,015638
0,004984
0,013724
0,015833
0,012535
0,015797
0,006959
0,015020
0,002136
0,015791
0,004494
0,014921
0,003465
0,002259
0,014929
0,014941
0,015746
0,014928
0,014913
0,015725
0,004262
0,014821
0,003785
0,000938
0,015687
0,015695
0,005654
0,015771
0,015801
0,006977
0,015694
0,006437
0,014942
0,003111
0,015684
0,014886
0,003440
0,003734
0,002511
0,000345
0,001804
0,014894
0,000185
0,014863
0,000826
0,014854
0,014845
0,000522
0,000558
0,000177
0,015663
0,014818
0,000944
0,000180
0,014810
0,000472
0,014786
0,001629
0,014788
0,000001
0,000468
0,000163
0,015692
0,000249
0,015670
0,000460
0,000641
0,000106
0,015669
0,015661
0,000286
0,000256
0,015628
0,014792
0,015605
0,001045
0,014777
0,000633
0,014758
0,015580
0,001010
0,015571
0,000453
0,015552
0,015534
0,015513
0,004898
0,014795
0,001039
0,001011
0,000012
0,015575
0,015558
0,000951
0,014785
0,015541
0,015528
0,015510
0,015488
0,000611
0,015464
0,014756
0,015442
0,004852
0,015505
0,001032
0,000994
0,001107
0,015480
0,015454
0,015429
0,002646
0,002534
0,001218
0,001426
0,001642
0,014841
0,014812
0,015416
0,015397
0,003047
0,003763
0,001843
0,001422
0,015485
0,014841
0,015447
0,002523
0,014847
0,000111
0,005012
0,001828
0,014787
0,003385
0,000932
0,000554
0,015467
0,000037
0,014826
0,000265
0,002372
0,015423
0,014767
0,015376
0,014733
0,015343
0,003783
0,015384
0,014790
0,015407
0,000922
0,005219
0,014827
0,014843
0,014839
0,007007
0,001097
0,001350
0,008316
0,015497
0,014873
0,004825
0,000717
0,001980
0,015459
0,015453
0,001934
0,009398
0,003210
0,002787
0,005144
0,014818
0,003801
0,014798
0,015437
0,001770
0,005914
0,014697
0,014654
0,003908
0,014673
0,014687
0,000944
0,000298
0,014649
0,014631
0,001370
0,000404
0,014637
0,000611
0,009539
0,014729
0,009749
0,000457
0,004935
0,015474
0,015487
0,014692
0,014683
0,015471
0,000395
0,001992
0,001166
0,014619
0,014610
0,000809
0,014600
0,003316
0,001148
0,015478
0,014631
0,015464
0,001459
0,014588
0,001152
0,014574
0,000309
0,014569
0,015424
0,014551
0,003414
0,015453
0,014583
0,003954
0,014528
0,014492
0,002899
0,014498
0,015420
0,000371
0,014499
0,014485
0,015397
0,001191
0,006474
0,002190
0,014559
0,015520
0,015510
0,000234
0,008788
0,003213
0,015333
0,005831
0,002462
0,006228
0,015420
0,015381
0,014476
0,006461
0,014527
0,014550
0,007642
0,015374
0,002913
0,015328
0,009518
0,003080
0,008327
0,015369
0,005102
0,014460
0,001763
0,015341
0,014438
0,014421
0,014401
0,004848
0,015375
0,000121
0,001956
0,000666
0,000617
0,000992
0,000310
0,000309
0,000342
0,015392
0,000859
0,000867
0,014466
0,001180
0,014469
0,000810
0,015378
0,000684
0,015363
0,000936
0,015364
0,015358
0,000020
0,014464
0,000827
0,000240
0,000269
0,014469
0,000041
0,000116
0,015348
0,000353
0,015337
0,000350
0,015326
0,015315
0,015298
0,001874
0,000702
0,000126
0,000427
0,002775
0,015279
0,001636
0,014461
0,014459
0,014447
0,014430
0,014410
0,014389
0,001984
0,000437
0,014410
0,015311
0,000960
0,005514
0,001856
0,014450
0,015367
0,003344
0,015300
0,015260
0,002065
0,015250
0,000108
0,014399
0,005959
0,002129
0,003245
0,014433
0,015283
0,014388
0,015245
0,014356
0,015214
0,014328
0,002628
0,015226
0,014364
0,006256
0,002295
0,002871
0,014398
0,001000
0,014366
0,015283
0,002419
0,014314
0,003057
0,014325
0,014334
0,014327
0,003553
0,015328
0,001768
0,015320
0,014326
0,003654
0,015219
0,015177
0,015144
0,006903
0,014275
0,014303
0,014306
0,002884
0,014341
0,000617
0,014347
0,011012
0,014198
0,005640
0,014175
0,000121
0,015791
0,014390
0,014475
0,014507
0,023683
0,014233
0,001459
0,014037
0,015028
0,003393
0,036997
0,013047
0,008198
0,043070
0,013805
0,014527
0,035819
0,048652
0,024986
0,014742
0,015990
0,015993
0,069532
0,013899
0,014403
0,094065
0,015379
0,080928
0,009732
0,036744
0,015240
0,015438
0,015526
0,015559
0,023707
0,008024
0,000675
0,015514
0,014386
0,014460
0,015475
0,014496
0,014490
0,022363
0,015151
0,014068
0,014881
0,014826
0,038082
0,002184
0,006267
0,015589
0,053213
0,016812
0,021782
0,014939
0,014244
0,015154
0,027254
0,014684
0,028682
0,017862
0,015003
0,014757
0,014626
0,019999
0,014857
0,034006
0,014001
0,018757
0,015430
0,014499
0,013959
0,014174
0,014805
0,009964
0,034411
0,014039
0,014638
0,021266
0,009606
0,014139
0,013991
0,011763
0,002815
0,033860
0,018885
0,015529
0,014520
0,014486
0,014458
0,001142
0,015469
0,047141
0,017086
0,025783
0,005298
0,015082
0,015116
0,014200
0,008417
0,015272
0,014404
0,024846
0,015004
0,026079
0,001219
0,014344
0,015304
0,014404
0,015331
0,003131
0,014343
0,021706
0,008331
0,014845
0,013926
0,015001
0,014197
0,017285
0,014889
0,013940
0,013883
0,016276
0,020018
0,015361
0,015572
0,031000
0,012296
0,014813
0,014595
0,013764
0,014417
0,014378
0,014348
0,014324
0,014302
0,057813
0,015111
0,014647
0,079786
0,014654
0,013547
0,013341
0,013745
0,111723
0,015210
0,015081
0,022996
0,157216
0,051946
0,034739
0,014067
0,014287
0,014200
0,183073
0,059555
0,110085
0,015238
0,015086
0,014670
0,013783
0,070785
0,012862
0,072597
0,001699
0,013300
0,053649
0,009774
0,028326
0,000794
0,014264
0,013536
0,013467
0,013424
0,010009
0,013014
0,013056
0,013068
0,013045
0,092658
0,018321
0,004663
0,015106
0,015661
0,015694
0,050966
0,038602
0,005364
0,009541
0,030429
0,011646
0,014287
0,014303
0,030977
0,014669
0,015483
0,015270
0,036564
0,011881
0,014484
0,014418
0,026508
0,014735
0,025685
0,014620
0,014467
0,023601
0,003414
0,013113
0,020554
0,015102
0,014991
0,014483
0,014889
0,014421
0,014844
0,014825
0,014376
0,009715
0,014645
0,014562
0,015363
0,011048
0,014639
0,014756
0,017700
0,015008
0,007621
0,000505
0,014603
0,014549
0,014194
0,014492
0,014472
0,014452
0,014433
0,014413
0,014131
0,034911
0,014523
0,014720
0,015261
0,008200
0,015194
0,014664
0,004379
0,014674
0,054516
0,018905
0,013970
0,035595
0,014301
0,014488
0,014572
0,002097
0,052592
0,014063
0,013769
0,013918
0,030960
0,072589
0,032720
0,022121
0,015348
0,015166
0,091145
0,054987
0,013984
0,092439
0,032258
0,022611
0,014833
0,015187
0,014544
0,015048
0,098933
0,013333
0,012970
0,130938
0,013813
0,015013
0,015442
0,016499
0,015415
0,015598
0,011741
0,016195
0,001170
0,016069
0,003314
0,185435
0,013373
0,168955
0,013779
0,075425
0,044112
0,000661
0,014751
0,012456
0,015044
0,023010
0,004402
0,014603
0,015729
0,014674
0,006161
0,014689
0,005066
0,000159
0,003052
0,000767
0,014726
0,002226
0,000821
0,014707
0,014710
0,014765
0,003389
0,014702
0,003889
0,000076
0,014673
0,014669
0,000434
0,003169
0,000984
0,014612
0,001546
0,000324
0,014721
0,014637
0,000622
0,014612
0,002814
0,000053
0,002618
0,000015
0,000749
0,001716
0,014738
0,014630
0,000519
0,000033
0,014728
0,014715
0,000887
0,001603
0,014695
0,014610
0,000169
0,001349
0,000420
0,014715
0,000348
0,000061
0,014692
0,000254
0,014670
0,014596
0,014645
0,002061
0,014657
0,000970
0,014634
0,000737
0,014672
0,014608
0,014592
0,014572
0,014633
0,000674
0,000048
0,000344
0,000028
0,002800
0,000645
0,000181
0,014681
0,014673
0,001184
0,000196
0,014616
0,014669
0,014600
0,014650
0,000153
0,014631
0,000828
0,014626
0,000222
0,000006
0,014621
0,000460
0,014595
0,000255
0,000267
0,000031
0,014612
0,000423
0,014584
0,000568
0,014610
0,014576
0,000135
0,014593
0,001274
0,000313
0,000447
0,014608
0,014597
0,014582
0,014572
0,014558
0,001594
0,000411
0,014575
0,000995
0,014582
0,000831
0,000046
0,000422
0,000040
0,014560
0,014549
0,014533
0,014602
0,000587
0,014594
0,000846
0,000170
0,014601
0,000852
0,014513
0,000989
0,000658
0,000013
0,014521
0,000240
0,014599
0,000390
0,000229
0,000056
0,000149
0,000062
0,000740
0,014496
0,000962
0,014483
0,014474
0,014458
0,014439
0,014418
0,002475
0,014608
0,000241
0,014619
0,014443
0,000201
0,000069
0,000090
0,000277
0,000051
0,000168
0,000132
0,000178
0,014430
0,000211
0,000070
0,000088
0,014419
0,000010
0,000265
0,000001
0,000030
0,000005
0,014617
0,000235
0,000027
0,014605
0,014595
0,014580
0,001284
0,014417
0,014415
0,000268
0,014583
0,014575
0,014395
0,000992
0,014393
0,001458
0,014401
0,014599
0,014393
0,000274
0,014378
0,001283
0,014345
0,014557
0,002342
0,014331
0,014577
0,014572
0,002086
0,002890
0,014555
0,000092
0,014561
0,000344
0,002525
0,000754
0,014577
0,014381
0,014370
0,001125
0,014539
0,001539
0,001123
0,014557
0,000311
0,014555
0,014362
0,000513
0,014352
0,014343
0,000664
0,014547
0,000244
0,014543
0,014333
0,000494
0,000332
0,014530
0,014318
0,000913
0,000639
0,000864
0,000026
0,014527
0,014516
0,000598
0,014317
0,001367
0,000097
0,014528
0,014522
0,014325
0,000719
0,014508
0,000308
0,014504
0,000960
0,000437
0,000544
0,014319
0,014482
0,000905
0,014317
0,014486
0,014308
0,014295
0,000448
0,014468
0,001469
0,014481
0,000549
0,000045
0,000002
0,000022
0,014466
0,001081
0,014467
0,000722
0,014302
0,000837
0,000284
0,000246
0,014303
0,014459
0,014448
0,014278
0,001685
0,014277
0,000902
0,000135
0,014479
0,002465
0,014268
0,001060
0,000432
0,014259
0,014438
0,014430
0,014416
0,014238
0,005115
0,014456
0,004810
0,014258
0,001305
0,003646
0,000955
0,014283
0,003592
0,014420
0,001614
0,014396
0,004559
0,001250
0,014287
0,014280
0,014265
0,014247
0,014459
0,004977
0,014371
0,014118
0,007545
0,014164
0,014435
0,014448
0,014204
0,009213
0,014308
0,014027
0,012890
0,002924
0,006864
0,014317
0,007238
0,014153
0,003857
0,014490
0,014519
0,014524
0,005119
0,014439
0,014391
0,001635
0,000224
0,014296
0,014140
0,002093
0,014152
0,009979
0,014273
0,014322
0,005654
0,013099
0,004780
0,007566
0,005996
0,003216
0,002789
0,014202
0,014408
0,014387
0,006718
0,014057
0,007296
0,000215
0,003678
0,014061
0,006505
0,000140
0,014181
0,014196
0,014447
0,014188
0,014437
0,014425
0,002133
0,014365
0,014100
0,002393
0,000613
0,001284
0,002302
0,014114
0,000226
0,000358
0,000057
0,014383
0,000048
0,014120
0,014108
0,014093
0,014074
0,014350
0,001570
0,014055
0,014051
0,014039
0,001403
0,002802
0,000570
0,000660
0,014057
0,014402
0,000012
0,000127
0,000024
0,000083
0,014037
0,000215
0,000010
0,000000
0,000005
0,014025
0,000270
0,014014
0,000308
0,014004
0,013994
0,000669
0,000123
0,000352
0,000603
0,000003
0,014413
0,000198
0,014404
0,013984
0,000592
0,000238
0,014400
0,013984
0,014388
0,013968
0,000929
0,014379
0,014375
0,014363
0,000780
0,014353
0,001868
0,000591
0,014002
0,000337
0,013985
0,013970
0,000524
0,000319
0,014345
0,001685
0,013956
0,013959
0,013950
0,013936
0,013919
0,000900
0,000177
0,013900
0,013889
0,000303
0,001612
0,000306
0,014409
0,000243
0,013905
0,014399
0,000853
0,000420
0,014390
0,000437
0,000649
0,013885
0,013879
0,000729
0,000383
0,013875
0,000810
0,000231
0,014381
0,000744
0,000512
0,000711
0,000023
0,013863
0,013852
0,000558
0,013839
0,000291
0,001052
0,000391
0,013844
0,000518
0,000066
0,000608
0,014401
0,000136
0,000007
0,000067
0,000013
0,000032
0,000444
0,000053
0,014397
0,000070
0,014385
0,000354
0,000307
0,000104
0,000052
0,000183
0,000059
0,000049
0,000013
0,013837
0,000258
0,014375
0,014367
0,000291
0,000919
0,000141
0,013845
0,013841
0,014375
0,000207
0,000219
0,014356
0,000702
0,014353
0,000198
0,014347
0,000480
0,013833
0,000191
0,014335
0,014323
0,000667
0,014310
0,014302
0,001695
0,000355
0,014326
0,014325
0,000776
0,013855
0,000574
0,014289
0,014282
0,013836
0,014260
0,001103
0,013825
0,000728
0,014248
0,002306
0,000111
0,013853
0,000788
0,014279
0,000251
0,013829
0,013818
0,001190
0,000032
0,000158
0,000038
0,000074
0,014283
0,014275
0,014261
0,014245
0,013811
0,001401
0,001278
0,000605
0,000723
0,014258
0,000866
0,013839
0,014251
0,014242
0,014228
0,013818
0,014201
0,001042
0,014194
0,013807
0,001987
0,000367
0,014235
0,001836
0,000672
0,002112
0,000136
0,001063
0,000183
0,000188
0,014200
0,014191
0,014178
0,014162
0,014145
0,001747
0,000407
0,000627
0,014162
0,013854
0,001994
0,000589
0,014172
0,001124
0,000384
0,000301
0,013848
0,000798
0,013846
0,014157
0,000526
0,013824
0,013810
0,001548
0,014147
0,014149
0,001116
0,013830
0,000841
0,000031
0,013810
0,014137
0,014125
0,001537
0,000365
0,000819
0,000070
0,013789
0,014108
0,014096
0,013764
0,014072
0,013743
0,003759
0,013783
0,014133
0,001115
0,014154
0,000959
0,000068
0,013817
0,013806
0,001195
0,014139
0,013797
0,014134
0,000174
0,000635
0,000295
0,013762
0,000545
0,000869
0,013767
0,000106
0,000099
0,013759
0,014124
0,000450
0,014102
0,001355
0,000720
0,000401
0,014121
0,000188
0,000093
0,013758
0,000402
0,000579
0,000241
0,000487
0,013751
0,000088
0,000040
0,000068
0,000021
0,000021
0,000236
0,014109
0,013732
0,014091
0,001135
0,014088
0,013724
0,000808
0,000249
0,013698
0,000686
0,002102
0,014104
0,000549
0,013738
0,000137
0,013721
0,000483
0,014103
0,000945
0,000693
0,014084
0,014077
0,014064
0,000848
0,013709
0,002166
0,013728
0,014099
0,014097
0,014087
0,000150
0,013722
0,002105
0,014032
0,001908
0,002741
0,014073
0,013752
0,014093
0,014087
0,013746
0,002949
0,001184
0,014015
0,002055
0,000539
0,013710
0,014029
0,000812
0,013707
0,001242
0,000558
0,013687
0,014014
0,013671
0,013659
0,001317
0,013656
0,014018
0,000158
0,013651
0,000235
0,003012
0,000936
0,013676
0,003562
0,014014
0,013599
0,004759
0,014019
0,014038
0,004923
0,002749
0,003384
0,000827
0,013671
0,014051
0,002349
0,000249
0,013995
0,013979
0,013611
0,001642
0,000381
0,000590
0,003883
0,001795
0,014039
0,014029
0,000495
0,014016
0,014008
0,004482
0,013611
0,005013
0,013615
0,013964
0,002037
0,004871
0,013952
0,013918
0,006210
0,013965
0,000411
0,014000
0,013995
0,013983
0,013969
0,007005
0,013606
0,013794
0,013759
0,011896
0,003590
0,013908
0,013912
0,013906
0,002990
0,013936
0,009389
0,013826
0,003497
0,013631
0,013118
0,004208
0,014006
0,014014
0,008821
0,013735
0,013677
0,012255
0,013939
0,005128
0,013957
0,013923
0,013898
0,013703
0,013864
0,012768
0,008669
0,013598
0,013737
0,013631
0,000802
0,000238
0,013716
0,013593
0,013693
0,013681
0,002059
0,000431
0,013711
0,018495
0,013967
0,010260
0,022127
0,013525
0,014320
0,004335
0,013660
0,013724
0,023767
0,014172
0,014339
0,014414
0,014272
0,025984
0,002981
0,013776
0,018533
0,005602
0,014080
0,033885
0,013681
0,034045
0,007585
0,016273
0,013771
0,013575
0,013523
0,013488
0,013081
0,004760
0,014383
0,000170
0,007349
0,013667
0,002158
0,001778
0,000039
0,001202
0,013776
0,000581
0,013619
0,000409
0,000066
0,000196
0,013603
0,002244
0,013787
0,013637
0,000501
0,013624
0,013610
0,000706
0,000158
0,013601
0,013593
0,013580
0,000310
0,000002
0,013798
0,001065
0,013570
0,013569
0,013559
0,000423
0,000182
0,000101
0,013819
0,000134
0,013545
0,013805
0,013529
0,001072
0,000446
0,000272
0,013818
0,000064
0,013806
0,000403
0,013539
0,000307
0,000140
0,000068
0,000112
0,000033
0,000291
0,013795
0,000510
0,000009
0,000413
0,000036
0,000665
0,013536
0,013525
0,000542
0,013787
0,001423
0,013799
0,001151
0,013520
0,000655
0,000974
0,000239
0,013524
0,013799
0,013510
0,000608
0,000330
0,001079
0,013498
0,013497
0,013487
0,000336
0,013797
0,013791
0,013463
0,013452
0,013438
0,002048
0,013446
0,000349
0,000187
0,013818
0,013453
0,013444
0,000492
0,013805
0,013799
0,000020
0,013781
0,000278
0,013768
0,013759
0,000266
0,013743
0,000066
0,013729
0,013413
0,013711
0,013699
0,003646
0,013446
0,013464
0,013769
0,013766
0,000039
0,000857
0,013735
0,013719
0,001118
0,000967
0,013730
0,013468
0,000271
0,013455
0,000420
0,013723
0,013717
0,013438
0,013428
0,013692
0,001789
0,013703
0,000086
0,013442
0,013435
0,013702
0,013414
0,000909
0,000290
0,013706
0,000714
0,000213
0,000675
0,013421
0,000396
0,013698
0,000456
0,013410
0,013404
0,013393
0,000628
0,013696
0,000289
0,000016
0,001186
0,000170
0,013398
0,013715
0,013391
0,013703
0,000411
0,013692
0,013684
0,013671
0,000435
0,000024
0,000221
0,013651
0,000270
0,013367
0,013637
0,013628
0,013348
0,013606
0,013329
0,003874
0,013371
0,013390
0,000098
0,000007
0,000050
0,013689
0,013388
0,000394
0,013378
0,013678
0,013362
0,000277
0,000158
0,013337
0,013652
0,000968
0,013327
0,013653
0,000715
0,001472
0,013325
0,000387
0,013330
0,013666
0,013659
0,013313
0,013302
0,000800
0,013641
0,001222
0,013654
0,013314
0,013309
0,013298
0,000574
0,013286
0,013655
0,000491
0,000301
0,013650
0,000290
0,000123
0,000576
0,000210
0,013653
0,000250
0,000064
0,000164
0,000067
0,013638
0,013631
0,000391
0,013287
0,000068
0,013614
0,013271
0,013598
0,000775
0,013258
0,001924
0,001229
0,000064
0,000623
0,000048
0,013291
0,013284
0,013633
0,013264
0,013618
0,000627
0,013609
0,000894
0,000618
0,000041
0,013609
0,000143
0,000747
0,000221
0,000402
0,013605
0,000473
0,013595
0,013588
0,013264
0,001007
0,013265
0,000136
0,013262
0,000046
0,000357
0,013253
0,013245
0,013593
0,013584
0,001131
0,013233
0,013587
0,013230
0,000489
0,013223
0,013215
0,013580
0,013195
0,013183
0,001837
0,013582
0,013185
0,001911
0,013155
0,002672
0,013578
0,001785
0,000624
0,013212
0,001003
0,001167
0,001422
0,000001
0,000711
0,000090
0,000708
0,000329
0,013178
0,000215
0,013168
0,013157
0,013143
0,013128
0,000702
0,013112
0,000404
0,013591
0,013581
0,002501
0,013119
0,013615
0,000569
0,013604
0,000263
0,013589
0,000890
0,000225
0,013588
0,000415
0,013124
0,013113
0,000986
0,001213
0,000056
0,013607
0,013139
0,013603
0,000226
0,013585
0,013573
0,000620
0,001327
0,013556
0,013555
0,000974
0,013137
0,000673
0,013549
0,013119
0,000882
0,013115
0,013111
0,013100
0,013087
0,013072
0,013056
0,013530
0,002116
0,013058
0,013561
0,001976
0,000682
0,013588
0,013582
0,000720
0,013554
0,000240
0,001060
0,013537
0,000298
0,000045
0,013086
0,000140
0,013073
0,013063
0,000819
0,000466
0,013550
0,000414
0,000069
0,013538
0,013058
0,013523
0,001053
0,000238
0,013051
0,000576
0,013511
0,013027
0,013015
0,013485
0,013474
0,012986
0,002586
0,013483
0,013490
0,002990
0,000390
0,013086
0,013571
0,013570
0,013561
0,013548
0,013534
0,013083
0,003633
0,013029
0,001923
0,004961
0,001617
0,013529
0,013527
0,013078
0,013069
0,013506
0,013496
0,013042
0,001509
0,013494
0,000001
0,000181
0,000110
0,013491
0,004906
0,012999
0,012964
0,012938
0,004426
0,013405
0,000896
0,013002
0,007726
0,013526
0,013569
0,013126
0,013588
0,011615
0,004187
0,013400
0,007575
0,013046
0,013517
0,009193
0,013415
0,012950
0,011415
0,013449
0,013509
0,002054
0,013510
0,000547
0,013070
0,000770
0,013499
0,000105
0,014753
0,012921
0,015793
0,000822
0,013430
0,001143
0,000192
0,013082
0,000734
0,013496
0,014517
0,013285
0,015750
0,012948
0,008991
0,012936
0,013285
0,005889
0,005321
0,013029
0,008753
0,013004
0,007595
0,013433
0,002966
0,000705
0,012990
0,002137
0,005465
0,013358
0,002630
0,012946
0,007149
0,013031
0,013062
0,009170
0,012976
0,012921
0,011362
0,002236
0,001846
0,012987
0,001122
0,013702
0,004671
0,005561
0,013359
0,001260
0,007321
0,013001
0,013032
0,013545
0,013548
0,004533
0,000357
0,013424
0,008191
0,012810
0,008757
0,013313
0,013358
0,012933
0,012936
0,003397
0,012876
0,012841
0,012816
0,012795
0,003635
0,000648
0,011904
0,013534
0,013087
0,012965
0,007926
0,000542
0,006417
0,013446
0,001628
0,013401
0,013394
0,002068
0,000366
0,013428
0,013430
0,001172
0,012915
0,012899
0,013380
0,013368
0,002111
0,000446
0,013401
0,004278
0,012884
0,000804
0,013315
0,012851
0,013300
0,013289
0,013277
0,012826
0,008852
0,013366
0,001667
0,013414
0,000080
0,013400
0,012932
0,013382
0,012916
0,012367
0,004780
0,013176
0,007934
0,002421
0,013270
0,012838
0,013269
0,012828
0,012818
0,012805
0,006111
0,013338
0,013377
0,012936
0,007394
0,002812
0,013286
0,012845
0,012834
0,012821
0,006089
0,002144
0,003304
0,012838
0,002794
0,000001
0,013323
0,001920
0,013296
0,001021
0,000374
0,000284
0,013289
0,002589
0,013312
0,002416
0,013292
0,000129
0,012835
0,000568
0,012829
0,000205
0,012824
0,012816
0,000374
0,003307
0,013315
0,001421
0,012841
0,000389
0,012825
0,012816
0,000904
0,000242
0,004563
0,000919
0,013260
0,006006
0,012821
0,012844
0,002073
0,006942
0,012730
0,012679
0,013158
0,011465
0,012738
0,013344
0,000990
0,013400
0,017527
0,005032
0,003308
0,012699
0,013190
0,023791
0,008480
0,012903
0,012892
0,006738
0,000300
0,003553
0,001988
0,000580
0,012704
0,001534
0,013175
0,013157
0,012657
0,001713
0,000424
0,012681
0,020626
0,007856
0,019577
0,012679
0,012247
0,006342
0,007179
0,012762
0,001517
0,000300
0,005094
0,013312
0,004435
0,012729
0,002584
0,000559
0,012733
0,013308
0,012731
0,000041
0,013299
0,000380
0,001501
0,000550
0,013273
0,002003
0,000326
0,001589
0,000161
0,000272
0,001096
0,000371
0,000266
0,012724
0,000361
0,001091
0,000486
0,013273
0,013266
0,012703
0,013247
0,012688
0,001513
0,013249
0,000041
0,000195
0,002516
0,000875
0,012728
0,013282
0,003055
0,013230
0,012661
0,002908
0,004289
0,001800
0,013309
0,002462
0,002060
0,012692
0,004544
0,012696
0,013270
0,004923
0,001290
0,002616
0,012668
0,001678
0,002221
0,013245
0,000280
0,013257
0,013252
0,000437
0,000473
0,013232
0,000153
0,000012
0,012692
0,000882
0,000207
0,012701
0,012697
0,012688
0,013235
0,000554
0,000072
0,000285
0,013226
0,013217
0,012660
0,000949
0,000213
0,012657
0,012649
0,012638
0,012626
0,002436
0,012641
0,013250
0,000798
0,012643
0,000162
0,012624
0,012612
0,000796
0,000258
0,012611
0,001875
0,000687
0,001050
0,012611
0,000618
0,013236
0,012574
0,013214
0,012555
0,013194
0,002532
0,002444
0,003268
0,013245
0,001830
0,000672
0,000383
0,012598
0,012588
0,000634
0,013235
0,012579
0,013228
0,000739
0,000765
0,000346
0,000423
0,013236
0,013227
0,000208
0,000183
0,001104
0,000445
0,001036
0,013215
0,013201
0,000983
0,000307
0,012595
0,012593
0,000299
0,000032
0,013198
0,000440
0,001849
0,013218
0,000722
0,002161
0,012572
0,001517
0,002483
0,013218
0,013231
0,013230
0,002962
0,013178
0,000682
0,012572
0,012565
0,000722
0,012560
0,012555
0,012546
0,012534
0,005854
0,002128
0,003175
0,000693
0,013185
0,002329
0,012556
0,013208
0,013206
0,000090
0,002498
0,000997
0,013159
0,003173
0,000565
0,012574
0,013201
0,013195
0,013185
0,012560
0,003048
0,013121
0,002956
0,013122
0,000225
0,000487
0,004559
0,001528
0,004204
0,013131
0,001965
0,012538
0,003733
0,012579
0,012591
0,001751
0,012563
0,000727
0,000551
0,004835
0,012506
0,005130
0,012514
0,000382
0,013189
0,000267
0,000069
0,012537
0,004930
0,002112
0,012478
0,000771
0,006670
0,013216
0,013255
0,004159
0,012552
0,001347
0,013184
0,012520
0,012513
0,007848
0,003106
0,004285
0,003574
0,013185
0,013218
0,007358
0,013135
0,012462
0,013054
0,011736
0,012536
0,003007
0,013234
0,013221
0,012547
0,015986
0,012986
0,012874
0,023020
0,005992
0,013132
0,012517
0,016468
0,008304
0,012973
0,012411
0,012977
0,012412
0,022636
0,012634
0,023705
0,013165
0,001431
0,001470
0,012375
0,012924
0,002163
0,026170
0,013292
0,013634
0,012674
0,001399
0,013267
0,003583
0,000814
0,012660
0,012671
0,012669
0,012660
0,039609
0,012849
0,042562
0,012367
0,025093
0,012990
0,010834
0,012542
0,003657
0,012618
0,008079
0,007754
0,013029
0,014270
0,013081
0,012163
0,013019
0,006709
0,004803
0,000128
0,012530
0,013169
0,003760
0,012498
0,012465
0,005420
0,012374
0,012334
0,012931
0,009646
0,004606
0,000953
0,013207
0,016258
0,012401
0,004001
0,020527
0,005857
0,008143
0,013165
0,013111
0,012430
0,013058
0,009692
0,008790
0,012371
0,012402
0,013019
0,012413
0,012224
0,005951
0,013165
0,013883
0,003804
0,012921
0,009338
0,012371
0,003432
0,000202
0,014485
0,002108
0,012339
0,012914
0,012893
0,021776
0,013148
0,022292
0,001225
0,000922
0,001318
0,012926
0,012921
0,000079
0,020170
0,006626
0,012571
0,002528
0,000476
0,001553
0,000703
0,030131
0,011043
0,010093
0,012349
0,015466
0,012595
0,013035
0,003082
0,012414
0,016926
0,006637
0,012722
0,018930
0,012357
0,012484
0,013169
0,012568
0,000827
0,013223
0,000781
0,012584
0,012147
0,013019
0,012919
0,012862
0,012225
0,012205
0,010287
0,012923
0,012330
0,013006
0,006175
0,013109
0,012491
0,012507
0,013177
0,012506
0,013170
0,002919
0,000160
0,013085
0,017264
0,006841
0,012205
0,010833
0,003475
0,005816
0,001064
0,012858
0,012842
0,012827
0,012813
0,009932
0,001203
0,004236
0,012428
0,001656
0,000469
0,013018
0,002336
0,012384
0,012952
0,000747
0,000080
0,000383
0,012342
0,000310
0,002764
0,000301
0,012395
0,013008
0,001741
0,001329
0,012356
0,012934
0,012323
0,002186
0,012937
0,012346
0,012946
0,004134
0,001494
0,012996
0,002440
0,000840
0,000542
0,012352
0,002065
0,000033
0,000221
0,012364
0,012357
0,012970
0,012340
0,001041
0,012340
0,002561
0,012311
0,012291
0,012274
0,004631
0,001462
0,002481
0,012280
0,002038
0,001597
0,012985
0,000655
0,000378
0,000099
0,000249
0,012981
0,000222
0,012976
0,012969
0,012958
0,012304
0,012296
0,000862
0,000463
0,012268
0,000617
0,002136
0,000173
0,001876
0,000423
0,012303
0,012296
0,012958
0,002048
0,000629
0,012298
0,012975
0,000500
0,012957
0,012944
0,012267
0,001406
0,012939
0,000007
0,000168
0,000104
0,000215
0,000154
0,012933
0,012926
0,012916
0,012271
0,012263
0,012891
0,001867
0,012260
0,001673
0,012891
0,002424
0,012903
0,012278
0,012913
0,012277
0,000203
0,012897
0,001967
0,012275
0,012276
0,012919
0,012914
0,000631
0,012269
0,012909
0,012263
0,001886
0,012231
0,002327
0,012878
0,012883
0,012234
0,012874
0,012223
0,012214
0,001139
0,012186
0,001516
0,003572
0,012233
0,012254
0,003277
0,012227
0,012889
0,004761
0,012233
0,012247
0,012247
0,012241
0,012966
0,001161
0,005488
0,012139
0,003826
0,007141
0,012961
0,007009
0,012219
0,012909
0,012171
0,012871
0,000327
0,000188
0,012842
0,009167
0,002389
0,008967
0,012863
0,012804
0,012084
0,005286
0,008830
0,012966
0,013033
0,012342
0,013072
0,007788
0,012952
0,002887
0,011631
0,004357
0,006302
0,001481
0,012827
0,012151
0,004324
0,001551
0,002335
0,012115
0,012118
0,004635
0,004147
0,000163
0,012849
0,004607
0,012199
0,002299
0,000519
0,000836
0,004902
0,002343
0,001031
0,000551
0,012838
0,012831
0,012821
0,012149
0,012802
0,012135
0,012785
0,012120
0,008598
0,001206
0,012910
0,012920
0,012445
0,012759
0,012782
0,012139
0,012181
0,010557
0,012757
0,009191
0,012113
0,002455
0,000191
0,009429
0,002917
0,012772
0,012106
0,006992
0,000046
0,012876
0,012891
0,012891
0,010455
0,012111
0,011218
0,001560
0,007215
0,012159
0,012782
0,012118
0,012749
0,012096
0,007242
0,012816
0,012183
0,001169
0,012862
0,012173
0,000882
0,012853
0,012851
0,000414
0,012845
0,012178
0,012172
0,012831
0,012156
0,001298
0,012833
0,012165
0,009734
0,012710
0,012012
0,011981
0,011959
0,017395
0,006273
0,001193
0,012151
0,012158
0,012155
0,012871
0,012865
0,000119
0,012133
0,012124
0,012839
0,001135
0,000295
0,012853
0,000539
0,011470
0,012693
0,006038
0,014848
0,004779
0,012224
0,012238
0,010009
0,005146
0,012689
0,012614
0,012571
0,011903
0,021009
0,007846
0,012110
0,012827
0,012827
0,000927
0,014204
0,004545
0,011991
0,012624
0,001633
0,000060
0,012639
0,001014
0,012002
0,012613
0,022516
0,012201
0,012306
0,031727
0,012058
0,003417
0,037687
0,009824
0,007354
0,012200
0,004524
